1.641737809417610094e+01 1.644866882192277657e+01 1.639552531644828193e+01 1.644305930167068652e+01 1.640468566852741716e+01 1.640411539381192085e+01 1.641885495102071602e+01 1.643061886338169586e+01 1.641833121014964547e+01 1.644489654275765034e+01 1.641966442851327557e+01 1.641506006191027112e+01 1.641149550900842513e+01 1.642410722711269599e+01 1.641212824053951636e+01
1.642724741907361263e+01 1.643000537550306817e+01 1.643806570139602030e+01 1.642079382462986104e+01 1.640948785844547331e+01 1.641766369982578766e+01 1.645856339951769343e+01 1.641625824904144082e+01 1.643353229873990173e+01 1.643018084631531650e+01 1.641399045219079511e+01 1.642533700428054644e+01 1.640742001293853747e+01 1.642507104862641754e+01 1.641597968582456701e+01
1.643490316987490729e+01 1.642872784711793699e+01 1.641739499736477725e+01 1.642667882117457268e+01 1.640487932356328216e+01 1.643519119810390450e+01 1.644926240956431585e+01 1.642691883236427230e+01 1.643071572767521005e+01 1.640607554048997940e+01 1.642017457109895417e+01 1.641747411894773379e+01 1.643769711605244055e+01 1.642086785338279142e+01 1.641507731294504779e+01
1.640932250911937373e+01 1.640465269945746130e+01 1.643581543239034559e+01 1.641556751839806338e+01 1.643625748562659794e+01 1.639488991688180874e+01 1.642033930093926486e+01 1.642715877990490014e+01 1.639412443910209305e+01 1.643352761602396939e+01 1.640557934166377407e+01 1.646122781467651208e+01 1.643976511746043556e+01 1.641227370137969288e+01 1.642860471540162592e+01
1.642233342835905674e+01 1.643036753543358586e+01 1.641356924183909172e+01 1.642905771690467631e+01 1.643100383966372036e+01 1.642831888976318311e+01 1.641443822797987906e+01 1.642715439108686581e+01 1.643627429165888287e+01 1.642051382954653604e+01 1.641371305794440971e+01 1.643932116042399016e+01 1.642858039859770614e+01 1.642397152935786053e+01 1.642703239724796305e+01
1.639890154924823307e+01 1.641949250164786633e+01 1.643867938236557436e+01 1.641350087000946090e+01 1.641486449989998420e+01 1.641979254013860867e+01 1.641298531039817021e+01 1.641994743801619450e+01 1.643730609470685877e+01 1.641764431834698712e+01 1.640343056211434103e+01 1.641791759468591394e+01 1.644851654682888054e+01 1.642051524876629287e+01 1.642924225390482107e+01
1.641290362363378108e+01 1.641864928562813830e+01 1.643643751711512380e+01 1.641971762539918345e+01 1.640336149340829763e+01 1.643471520913383799e+01 1.643118433834434811e+01 1.644187469519851419e+01 1.642925113187152775e+01 1.643549754161013965e+01 1.641790637971807598e+01 1.643024542068782523e+01 1.642908036141978556e+01 1.641777221727906877e+01 1.642152630869235352e+01
1.644113871385923886e+01 1.644171302013877067e+01 1.642167594827863297e+01 1.642013902632178102e+01 1.641973434238472862e+01 1.642987725410750599e+01 1.643944252675061790e+01 1.642867582389736114e+01 1.643467615331343978e+01 1.642439413860960329e+01 1.641290513939256712e+01 1.642695398423848019e+01 1.641731807419595057e+01 1.643219993185023142e+01 1.643994989579821819e+01
1.642957024890625917e+01 1.643989174718801749e+01 1.641185857959240124e+01 1.642444534147163893e+01 1.642778468688860372e+01 1.642530502073002197e+01 1.643997145569939988e+01 1.643299378849143366e+01 1.641696920499957457e+01 1.642394689482741654e+01 1.642991322741187687e+01 1.642054024098736775e+01 1.641170648679195665e+01 1.639907081453306148e+01 1.642867719872040766e+01
1.640639679139479412e+01 1.642445988358054976e+01 1.641957559528813704e+01 1.643342350308878963e+01 1.644386530995502227e+01 1.642688073429099305e+01 1.641781943404668809e+01 1.641895046709429096e+01 1.642468522618665716e+01 1.640478514656791020e+01 1.643026278448096633e+01 1.644211759078766733e+01 1.642285102333171309e+01 1.643117285459194221e+01 1.643244419895073705e+01
1.642931272640269569e+01 1.642782927216042665e+01 1.641724256917104441e+01 1.641627087873122193e+01 1.643406568193174166e+01 1.643882805366027355e+01 1.641980690097526008e+01 1.641394567513888347e+01 1.642877336980674841e+01 1.640533832737375519e+01 1.642452887852706667e+01 1.641454000179865602e+01 1.642399861664394223e+01 1.643989301520465673e+01 1.642131047111190867e+01
1.641407316525151217e+01 1.641602260220695442e+01 1.642179428385298223e+01 1.640439557319073316e+01 1.642245913836660876e+01 1.644246136876116537e+01 1.640123291791664428e+01 1.639049471807795655e+01 1.645196307724616247e+01 1.642360025171457139e+01 1.642079105347626111e+01 1.643468109797555954e+01 1.641363515864334133e+01 1.644999466658243037e+01 1.641731614530638339e+01
1.640347007931051238e+01 1.639818395641724891e+01 1.642208476159672870e+01 1.645137177265149475e+01 1.640863037166422345e+01 1.642729401348577056e+01 1.643308944761981749e+01 1.643692893374490538e+01 1.640342058191391672e+01 1.645054543893399668e+01 1.641357021735659316e+01 1.641286014284722583e+01 1.642091875652208799e+01 1.641485900807013465e+01 1.642189610615531947e+01
1.643384854330671985e+01 1.641956804701393580e+01 1.641425743051083330e+01 1.641507806279508230e+01 1.642329656526359116e+01 1.641540673432813335e+01 1.639409128618213529e+01 1.642984068248686569e+01 1.643928528716281079e+01 1.644059263610781585e+01 1.640276414929720517e+01 1.642312824025016127e+01 1.642715917040362683e+01 1.642672573385779700e+01 1.642056415258801394e+01
1.644627074112464271e+01 1.643683919374123548e+01 1.643100418397543905e+01 1.645899079742304849e+01 1.643765750185222885e+01 1.643581827291777842e+01 1.644696738962341698e+01 1.641510588810813331e+01 1.642501497897434959e+01 1.641404165365437251e+01 1.640126430204563945e+01 1.642764311674922340e+01 1.642837412153025767e+01 1.643214652161155342e+01 1.641502549494390095e+01
1.644963158322625674e+01 1.643149861438561388e+01 1.644128578540139785e+01 1.641474919081585782e+01 1.642765904944514332e+01 1.642913095361816289e+01 1.641147513347892328e+01 1.642732830310431424e+01 1.641309681659026509e+01 1.641749173471333734e+01 1.639081959790613396e+01 1.643638730184088814e+01 1.643794759025875862e+01 1.642693749270111425e+01 1.643258231357311772e+01
1.642768304009980085e+01 1.639976026351284233e+01 1.643428426020551925e+01 1.641457391427641355e+01 1.641984305767488550e+01 1.646725538959824675e+01 1.641648322872175925e+01 1.642849695933010068e+01 1.644709181565671230e+01 1.644022248696827049e+01 1.642088462773531532e+01 1.642054335443242508e+01 1.642252839946548093e+01 1.642473976766461163e+01 1.641537650844863450e+01
1.643278068705563300e+01 1.642972232919728626e+01 1.640584020704753598e+01 1.642370421404200087e+01 1.643193845881394566e+01 1.642269771344684770e+01 1.642927135778704084e+01 1.642996886906638565e+01 1.641847621066604290e+01 1.642183703240656101e+01 1.641563203724935960e+01 1.643517372031397628e+01 1.642622752089399540e+01 1.644085186915904728e+01 1.641900197064539313e+01
1.642498425676886598e+01 1.642867333083633241e+01 1.640178913044159970e+01 1.645353029138808765e+01 1.639896794128774360e+01 1.641121579345321280e+01 1.642868037314091367e+01 1.640848735366040856e+01 1.643834842661802398e+01 1.640710954432154267e+01 1.644156958554449588e+01 1.641440955222642373e+01 1.640545709217091641e+01 1.640520469892727107e+01 1.640830546412510671e+01
1.641854345698920881e+01 1.642375014745314843e+01 1.642770698132979490e+01 1.643040017074788395e+01 1.643881439969067060e+01 1.640748894250475942e+01 1.643737766358263030e+01 1.641567817232724380e+01 1.644061402756452139e+01 1.642612822273873263e+01 1.641429821440572923e+01 1.641452633987481136e+01 1.643125203954058833e+01 1.641648965320784370e+01 1.640120704661006101e+01
1.642313700901191709e+01 1.644766255292341128e+01 1.641275759634858389e+01 1.643129715661209644e+01 1.641907800689879338e+01 1.644763711075945167e+01 1.642046790777017407e+01 1.640512165236943076e+01 1.642332242703998446e+01 1.641534733004305835e+01 1.642443271582424913e+01 1.642188869390681560e+01 1.641985592965825091e+01 1.642250879993032342e+01 1.642331413984459587e+01
1.641004244165639037e+01 1.641824835233142110e+01 1.641646064240500991e+01 1.641974122343624032e+01 1.641973570619802203e+01 1.643372618401175345e+01 1.640307530317626927e+01 1.641946436872274617e+01 1.644593954197021901e+01 1.646217034958405989e+01 1.640864453329693262e+01 1.641043750611301988e+01 1.641701220195190913e+01 1.644188935934910845e+01 1.642258437587402398e+01
1.642722988297129305e+01 1.642570883502094503e+01 1.642609270671060528e+01 1.644304498531338155e+01 1.642745510401517706e+01 1.642217395553484494e+01 1.643267914939479368e+01 1.642276312567036811e+01 1.642981850156694890e+01 1.640795377233001773e+01 1.643676094451381076e+01 1.642309161067407075e+01 1.640849132259011611e+01 1.639423016447102199e+01 1.644111739550784534e+01
1.641867078127358326e+01 1.642113275150240881e+01 1.641940915419740321e+01 1.644202158567460970e+01 1.643839590215648272e+01 1.640076827010861749e+01 1.644920421420972190e+01 1.641496711538094289e+01 1.645769052533541554e+01 1.642099368791554426e+01 1.641596618395618634e+01 1.642809590748971615e+01 1.642746203655682535e+01 1.644760730091316248e+01 1.641709247851128950e+01
1.643651296531339412e+01 1.642317455464032960e+01 1.643988900072715609e+01 1.641707819250313349e+01 1.640515904909251077e+01 1.640988238718897207e+01 1.641457054779149516e+01 1.644532416893648019e+01 1.644063183709481990e+01 1.643931420891960471e+01 1.642284070503819038e+01 1.640318292476604967e+01 1.640914395374430867e+01 1.640399088667953720e+01 1.643174956795635211e+01
1.641467637527170353e+01 1.642083978562526525e+01 1.642545190222709195e+01 1.642624751706464892e+01 1.642933665955042954e+01 1.641266995355911362e+01 1.641747431405986291e+01 1.641661558699934531e+01 1.641735500804514203e+01 1.641596878792650571e+01 1.644186622352588145e+01 1.642675699348808749e+01 1.640231453809558104e+01 1.642113143142787735e+01 1.641950610784969911e+01
1.641500118909580763e+01 1.644083015510326717e+01 1.643871606052688605e+01 1.642542321801852268e+01 1.643107111143212506e+01 1.641312473354307500e+01 1.640594808849694530e+01 1.641793535112756786e+01 1.641426354291781209e+01 1.642461670266177265e+01 1.643385804317459886e+01 1.641881528116179467e+01 1.643228865675633799e+01 1.642355499574915356e+01 1.640691685256414090e+01
1.644342172355099763e+01 1.642672448443471467e+01 1.640737127334099910e+01 1.641673659448346712e+01 1.641497599361076354e+01 1.643921567409824647e+01 1.645853044817331678e+01 1.640049479712444125e+01 1.640976756193341402e+01 1.641988698667175584e+01 1.642732320047124972e+01 1.642714362727435429e+01 1.645809082737263296e+01 1.642631859310168352e+01 1.643821740715938162e+01
1.643765084496295614e+01 1.642496816802096404e+01 1.643236033305008092e+01 1.642469726099836080e+01 1.642068404696286166e+01 1.641708007748511378e+01 1.640335967596485389e+01 1.643572841178557198e+01 1.643192445499957444e+01 1.642080967233335187e+01 1.642443067244416000e+01 1.644050593908836078e+01 1.644074478152349883e+01 1.642059353996926774e+01 1.642375468170656916e+01
1.644259902366043846e+01 1.641665043889858211e+01 1.642616715305689112e+01 1.641453712390217134e+01 1.643377213856170371e+01 1.642656663627879965e+01 1.641524954347924847e+01 1.640695085114821694e+01 1.642409752335611728e+01 1.640158703725313671e+01 1.643749556423462366e+01 1.641407861850070660e+01 1.642278317554784905e+01 1.644177484554190727e+01 1.644340725871467512e+01
1.644249891508799521e+01 1.643471827310665034e+01 1.641797373413428218e+01 1.642478299267673947e+01 1.642807293593368101e+01 1.642879349424888247e+01 1.639918804928597140e+01 1.642587750817124714e+01 1.640378728754796711e+01 1.642086821563624355e+01 1.640116301342244043e+01 1.642485536225647280e+01 1.642885066684793216e+01 1.641722196905926623e+01 1.639986139079158889e+01
1.640463584960061993e+01 1.643365840697935809e+01 1.642653815200853273e+01 1.642057355902994331e+01 1.642500710100159367e+01 1.642498520406207874e+01 1.640635992820359945e+01 1.641715884534371739e+01 1.642565447690107661e+01 1.643114822981192091e+01 1.643781299152053066e+01 1.638887601280593742e+01 1.641372792441521966e+01 1.643329921790352088e+01 1.641723835427534794e+01
1.641507566183201305e+01 1.640311135911089480e+01 1.638366947337564739e+01 1.642259024405892021e+01 1.644078572979027442e+01 1.642496799714626832e+01 1.644505763080335825e+01 1.640411935189727188e+01 1.642052626352566946e+01 1.641685531453150659e+01 1.644515941868237618e+01 1.642195388531796496e+01 1.641049897984592576e+01 1.643475115071393233e+01 1.643871908909716595e+01
1.641186882995990715e+01 1.640644979519559499e+01 1.641504240280093896e+01 1.642642243714356809e+01 1.641096574469808189e+01 1.641470551819232426e+01 1.639393232387224941e+01 1.641104351239288661e+01 1.643713472064067105e+01 1.642424795833741769e+01 1.642784896298591235e+01 1.641870183685677986e+01 1.641595168232221624e+01 1.640672002128250639e+01 1.641999553532638956e+01
1.642552380486002761e+01 1.642300269072639551e+01 1.641023379809278282e+01 1.641456206838621767e+01 1.640072944311955894e+01 1.643092491353014850e+01 1.644278518289824476e+01 1.645401581475455544e+01 1.639485049769130853e+01 1.643093020573827090e+01 1.640629355643859100e+01 1.642440904524381295e+01 1.643552142499477853e+01 1.640509226504595830e+01 1.644600152602590626e+01
1.642986615772554160e+01 1.642919662040181095e+01 1.644339113785766315e+01 1.641361573350759784e+01 1.641362192369014750e+01 1.641583626938152207e+01 1.643414801717994678e+01 1.640232406163470458e+01 1.641242842761046461e+01 1.642723214530766640e+01 1.643033875070859295e+01 1.641310374326545229e+01 1.639138720236881497e+01 1.642312203316086539e+01 1.640658656538278848e+01
1.643219851380789720e+01 1.641668156532321277e+01 1.641697461714568007e+01 1.641723300059991075e+01 1.644043174430610676e+01 1.641127509484475411e+01 1.641288785594942823e+01 1.642390572624672984e+01 1.643507779188714224e+01 1.642822329246882873e+01 1.641449568778012491e+01 1.645604771960879020e+01 1.642030879235974794e+01 1.643213243252655076e+01 1.641948697017940262e+01
1.641602664689922264e+01 1.642415504725637376e+01 1.642917128915139813e+01 1.642289050652160753e+01 1.641272192887840831e+01 1.641156955535365114e+01 1.642621610468508209e+01 1.643218775847295277e+01 1.642369467662562599e+01 1.641611377502407265e+01 1.640907037017242587e+01 1.641557430154307440e+01 1.642521235041756356e+01 1.641215666224246306e+01 1.641780225984060948e+01
1.643295674766318015e+01 1.642247457095447061e+01 1.641248984545842049e+01 1.642536614833144171e+01 1.638893297097495605e+01 1.641210172556102620e+01 1.642151406508604339e+01 1.644581428339963125e+01 1.644941865911907541e+01 1.643084528445969994e+01 1.642984869450779684e+01 1.639690380334313602e+01 1.641605260326953086e+01 1.643946392820243929e+01 1.641317953798450802e+01
1.640586967976290111e+01 1.643107344245332868e+01 1.643570141349019664e+01 1.641197262497875542e+01 1.640913186761124720e+01 1.641187213137366285e+01 1.642750840492390907e+01 1.643897036377586574e+01 1.640880576645378852e+01 1.642192915422104349e+01 1.642726321616006402e+01 1.642515289405400480e+01 1.641992398358011940e+01 1.641554501556194978e+01 1.643060661604234340e+01
1.643412952346254130e+01 1.642351352701750500e+01 1.642180759212385510e+01 1.643617692158901278e+01 1.642948331165534981e+01 1.641240902632100074e+01 1.642428292278620461e+01 1.642914138128442048e+01 1.643897425142069224e+01 1.642028050206390688e+01 1.642257497165295277e+01 1.645287018475784180e+01 1.641310814935991758e+01 1.641988624747552095e+01 1.642823379839754594e+01
1.642454470027625035e+01 1.642917256710267537e+01 1.642945938385800275e+01 1.641886315263887752e+01 1.644292975455059036e+01 1.640204188404115015e+01 1.641975401263173850e+01 1.642252887493713587e+01 1.642743119196746449e+01 1.642061242280730227e+01 1.642119212220022817e+01 1.641203316219468178e+01 1.641165102807292442e+01 1.640643215809569000e+01 1.638557059695034468e+01
1.642142355187362313e+01 1.641802639235747918e+01 1.642162003417329785e+01 1.642370640917389224e+01 1.642340975662806102e+01 1.641444490779458221e+01 1.641873171471147330e+01 1.643142998552650624e+01 1.642140877874444982e+01 1.642197122935751707e+01 1.642315609735758741e+01 1.642353595356286178e+01 1.640844406586042226e+01 1.642587123361646206e+01 1.641256388220206119e+01
1.644653655013809868e+01 1.642531021873867303e+01 1.639611734469924542e+01 1.645372804438554937e+01 1.641142154446600898e+01 1.641182556690091943e+01 1.643617656546480532e+01 1.641994035508009375e+01 1.640787267268731853e+01 1.641526413042550914e+01 1.642516008000729144e+01 1.641825118763744484e+01 1.642053599038889899e+01 1.642240671380611516e+01 1.643888762083043176e+01
1.643458244573128724e+01 1.643047918261183682e+01 1.643331987259273319e+01 1.641601201460228054e+01 1.643808194101147535e+01 1.642454698989842043e+01 1.643861909734823712e+01 1.641756168750882949e+01 1.641649844415790227e+01 1.643577616620491355e+01 1.641531338991611833e+01 1.643871196656565559e+01 1.643599870901315541e+01 1.642212574053365870e+01 1.645415144873326696e+01
1.642211984412030290e+01 1.645093533384449458e+01 1.640543435553135865e+01 1.641843759032814631e+01 1.643298004510950250e+01 1.644818635461483325e+01 1.642946655500576725e+01 1.642925474037069122e+01 1.640500471453770004e+01 1.642362890308700329e+01 1.641299444203303182e+01 1.643285312589959446e+01 1.642214029984582524e+01 1.640380808940081536e+01 1.644260918579431774e+01
1.644914845617969945e+01 1.643876788568537251e+01 1.642120167424996779e+01 1.643159743891401092e+01 1.643111681334004714e+01 1.642376557534245762e+01 1.640684997926911137e+01 1.643167536028494169e+01 1.641441761387365972e+01 1.643014649561547813e+01 1.642563365647660945e+01 1.641759356778634782e+01 1.643140766846411083e+01 1.638927259791164914e+01 1.643674615196724176e+01
1.643080620347986809e+01 1.642356708518929054e+01 1.643500680134651049e+01 1.642564531903181546e+01 1.642122745178041754e+01 1.642080704164146354e+01 1.641291477525773956e+01 1.642559208732515330e+01 1.642738890263118989e+01 1.643329504542459674e+01 1.642373726503568676e+01 1.640577479441449427e+01 1.641122985052885497e+01 1.641378558353799022e+01 1.642070030226379984e+01
1.640952361874650123e+01 1.643356773393489689e+01 1.645061700973809948e+01 1.643120510149159585e+01 1.640508013936636900e+01 1.642696635128533700e+01 1.641611437926993133e+01 1.646460389324041884e+01 1.641908091761667521e+01 1.644127967585237471e+01 1.640958840106966932e+01 1.643174964696099849e+01 1.642989194451940094e+01 1.640054660742222126e+01 1.639212685950298010e+01
1.642379112864187007e+01 1.641639559893237532e+01 1.642701055371902186e+01 1.642179017956680909e+01 1.643500606930217955e+01 1.641755924410333378e+01 1.641060447689507384e+01 1.640356952474875740e+01 1.640688619757100142e+01 1.642922222496128626e+01 1.644925978479512807e+01 1.641945249705782217e+01 1.641888446522619205e+01 1.641323202436506179e+01 1.641891661420397597e+01
1.643900668377287744e+01 1.641319311304179962e+01 1.640731291087041654e+01 1.642919310540846212e+01 1.641194890459898303e+01 1.639200765509157875e+01 1.642699976836087217e+01 1.643098291738471417e+01 1.643524987841694696e+01 1.642871688519914386e+01 1.640197261370398607e+01 1.639691962463177077e+01 1.643103341424780339e+01 1.642238954541469553e+01 1.642047220385730455e+01
1.640510915656890845e+01 1.641563726215889218e+01 1.641701811588749038e+01 1.641940608976724647e+01 1.640964074955512686e+01 1.641495880682541397e+01 1.641337619575776330e+01 1.643229227439787365e+01 1.642399168049771774e+01 1.642856142450275669e+01 1.642632362146069624e+01 1.641802622104979648e+01 1.642405046725213325e+01 1.642094772995821117e+01 1.641950663426153767e+01
1.644077355047648226e+01 1.641763272185687939e+01 1.641565236897123725e+01 1.643410449546891883e+01 1.642763070383644575e+01 1.644084943328824622e+01 1.642555752680377523e+01 1.641550606668930712e+01 1.642426503694296969e+01 1.641352066429288215e+01 1.642186344015535937e+01 1.642840570960831315e+01 1.640985108099137690e+01 1.640917605472351681e+01 1.641925841346859727e+01
1.642653204080282237e+01 1.642456540582869806e+01 1.642706272511359344e+01 1.642909379420788696e+01 1.642055730495255972e+01 1.642394907447951624e+01 1.643686480386363868e+01 1.642028511342003938e+01 1.644221031159999313e+01 1.643097562739881923e+01 1.643466229791324551e+01 1.641863280617310750e+01 1.642374222986370214e+01 1.641177712263941046e+01 1.641926279273404177e+01
1.641729153584087797e+01 1.640729784589062490e+01 1.642721055967294674e+01 1.643228192413320343e+01 1.642061565419527724e+01 1.641538626152275526e+01 1.642417732997235902e+01 1.643115399473147775e+01 1.641896833711885861e+01 1.641957706060284394e+01 1.642837162205544033e+01 1.643043091846362813e+01 1.643660703232380271e+01 1.642198886733208596e+01 1.643870992533740605e+01
1.642795860372510575e+01 1.640590683996827437e+01 1.641075595802378828e+01 1.642585093884113689e+01 1.642743811150458200e+01 1.642213661695189586e+01 1.641158073069497902e+01 1.642287287108797855e+01 1.643065680445515753e+01 1.642018854430066810e+01 1.639823166999361703e+01 1.641795537657322868e+01 1.642309168790760765e+01 1.642384895964196545e+01 1.643062344365293370e+01
1.642783858929257335e+01 1.642927085739223969e+01 1.641432578180827662e+01 1.642598786644705555e+01 1.643087325528901488e+01 1.643202452024067739e+01 1.644649285530006466e+01 1.642489447708340222e+01 1.641818317361512669e+01 1.642878810196236827e+01 1.643027227944807578e+01 1.642743793429915655e+01 1.642407320777282109e+01 1.643673194619199407e+01 1.642281925037994483e+01
1.642870110941311879e+01 1.642020473256986435e+01 1.644900610527835028e+01 1.640407126363465551e+01 1.644134486493600278e+01 1.641183093041804142e+01 1.640928387365644880e+01 1.641343839433941909e+01 1.640192762001879956e+01 1.642282446901970161e+01 1.642829450350475184e+01 1.639583615731305599e+01 1.642813532182184844e+01 1.640516351643446313e+01 1.643586201482893827e+01
1.641400287740705011e+01 1.643629112064830977e+01 1.641462141195639290e+01 1.644370773954990028e+01 1.643693522174556421e+01 1.640809312565149014e+01 1.643898148139612658e+01 1.642388770418595456e+01 1.642987213200595775e+01 1.643462168407237556e+01 1.641004500444912395e+01 1.641580580797021582e+01 1.640618710353680498e+01 1.642477943594176537e+01 1.644391634090982279e+01
1.641413280770662908e+01 1.639986697322294162e+01 1.641261254884684462e+01 1.645555100516954283e+01 1.642545704331826428e+01 1.642368171866045756e+01 1.640738795376284287e+01 1.641626379618958609e+01 1.643307100544524957e+01 1.643700013638377655e+01 1.643038196761935055e+01 1.642621305581579705e+01 1.642233693178786424e+01 1.643349565433157622e+01 1.643512650690946941e+01
1.641913645527535337e+01 1.641837099513931975e+01 1.643039718117474379e+01 1.643211189060071220e+01 1.641461707717717644e+01 1.641244052127217401e+01 1.642279017103333061e+01 1.642343613425440552e+01 1.641390286397651010e+01 1.644284996212429206e+01 1.640489057402576734e+01 1.641419901590376185e+01 1.643420117893541743e+01 1.641279280454796563e+01 1.641948402806550433e+01
1.641994690542673752e+01 1.642929937575742372e+01 1.644083248838895273e+01 1.644416234561140655e+01 1.641946936367378029e+01 1.642712343231801952e+01 1.641740876361063073e+01 1.642069871433065487e+01 1.640654172716723735e+01 1.641924679041220614e+01 1.643276787665770300e+01 1.641696929978668607e+01 1.642452386741907233e+01 1.640827101439172608e+01 1.640839481223163077e+01
1.642725678756980301e+01 1.641981920306520948e+01 1.643923793928145471e+01 1.643631238951588358e+01 1.641676999603855691e+01 1.642052770884885149e+01 1.644234426857545728e+01 1.641914149099506659e+01 1.642856424830686990e+01 1.643117217334870261e+01 1.641651881297406135e+01 1.642565262734330744e+01 1.643537388021723089e+01 1.641888762431545601e+01 1.642524886723863631e+01
1.641502171196566096e+01 1.641122543466997641e+01 1.641870748019495707e+01 1.641355048144722417e+01 1.640979803044948326e+01 1.642992108574070897e+01 1.641171325008775739e+01 1.642017365610221091e+01 1.644536567234943192e+01 1.643043291838780462e+01 1.642089238241614524e+01 1.643126937286436018e+01 1.641835427711535189e+01 1.643436461758514611e+01 1.643775314984316438e+01
1.643931153726891736e+01 1.642626671572486430e+01 1.643558342610481304e+01 1.643525653878851855e+01 1.642007664656712507e+01 1.643635411727171203e+01 1.641989702687244801e+01 1.644430495071683751e+01 1.643115427452720212e+01 1.643861678561582096e+01 1.642557872405197017e+01 1.640410712398082538e+01 1.642353536286201887e+01 1.642538545156481078e+01 1.643319680059496335e+01
1.641596019211507596e+01 1.641675597882546356e+01 1.640371912969201773e+01 1.643288210583152065e+01 1.642544273557785317e+01 1.641142671948108500e+01 1.643070537798107011e+01 1.640893743413902683e+01 1.643839796163397438e+01 1.642227471453315601e+01 1.642131871920970099e+01 1.643770735853070875e+01 1.641995365218453884e+01 1.641338571082608055e+01 1.642790157053301314e+01
1.640826471670893127e+01 1.642685932322737941e+01 1.642934542263855136e+01 1.641614925582280193e+01 1.642650522512682087e+01 1.641147504930112078e+01 1.643020839346838713e+01 1.644031262436458007e+01 1.642348906514200024e+01 1.642296541118006914e+01 1.640175428676023728e+01 1.642775339255751987e+01 1.642110431368551104e+01 1.643289419999615220e+01 1.641349943350058282e+01
1.641745128000842513e+01 1.643434582526180421e+01 1.643446685780391192e+01 1.640324838787050510e+01 1.643694827524592483e+01 1.643433719163786932e+01 1.642825001962352616e+01 1.642679731069052806e+01 1.643545195907714174e+01 1.641727993817822551e+01 1.642801775135000142e+01 1.640034570963877059e+01 1.642414214176606180e+01 1.642594338739196758e+01 1.641645030117511439e+01
1.643548287393315022e+01 1.642457325566908466e+01 1.644331026876279722e+01 1.641128623772983275e+01 1.642385262918660516e+01 1.642174590786376598e+01 1.642305626666636442e+01 1.640954151880893264e+01 1.644637999214642221e+01 1.640963205696820282e+01 1.642636193194350014e+01 1.644178578287635517e+01 1.641760175645990572e+01 1.643054591004800358e+01 1.641152038352024789e+01
1.640696514874280254e+01 1.642472357050552745e+01 1.642870570989718715e+01 1.642579724694100918e+01 1.641763924771990446e+01 1.643711598188200185e+01 1.642486036519753512e+01 1.642493192357336440e+01 1.642905084238214997e+01 1.642882964085040598e+01 1.642983371492613287e+01 1.642201904107767874e+01 1.642181706838800181e+01 1.641600145289432078e+01 1.641223391780408747e+01
1.644055780895274310e+01 1.642622953240196892e+01 1.644719428560528485e+01 1.642257929636755165e+01 1.642084027568978755e+01 1.640288112549936983e+01 1.642847411249169909e+01 1.642222887448081181e+01 1.643423720350206452e+01 1.641793018697146778e+01 1.641123772315749108e+01 1.643500474910571896e+01 1.642615093639098589e+01 1.641555161869777280e+01 1.643787917473734339e+01
1.642180492635106503e+01 1.642314632720232126e+01 1.643256547662874212e+01 1.642214640585394392e+01 1.642233565034182163e+01 1.642011540564926264e+01 1.642814931459629335e+01 1.640619128604817689e+01 1.642581545126209619e+01 1.643508757536385900e+01 1.642798713339118066e+01 1.641898738212736220e+01 1.641786105013890307e+01 1.641130089516182267e+01 1.641792995802261856e+01
1.642529653873905104e+01 1.642893516784158336e+01 1.643005475645526303e+01 1.643224548625609671e+01 1.641935880386418845e+01 1.643548037635600423e+01 1.642706562590923269e+01 1.641997587981241580e+01 1.642336603519826355e+01 1.642547300361879081e+01 1.642104927319233099e+01 1.640814679296096301e+01 1.642298864178284745e+01 1.643478784197339237e+01 1.641710696893393262e+01
1.640789521757029590e+01 1.642818774330589804e+01 1.643969953479091473e+01 1.643681715330162518e+01 1.643359260097916774e+01 1.642660619020199064e+01 1.643636060793421549e+01 1.643521866474240056e+01 1.642374118695658325e+01 1.642370081303378271e+01 1.640864658436469625e+01 1.641903789073221986e+01 1.643691731334724437e+01 1.641405350217992165e+01 1.642360173498635234e+01
1.641283692594423371e+01 1.643058737592236795e+01 1.642910782176958762e+01 1.642175431421260257e+01 1.641927490839561443e+01 1.642829116226678465e+01 1.642449675031370759e+01 1.643806622845961840e+01 1.642713292339929154e+01 1.642566129876320602e+01 1.641094578155482253e+01 1.643281391353817611e+01 1.641517607626632014e+01 1.642949144235328163e+01 1.642637238398343769e+01
1.644682317921152048e+01 1.641259300340438543e+01 1.642613520152863771e+01 1.643631767976850355e+01 1.642883736426480112e+01 1.644062461958341359e+01 1.643108551676806783e+01 1.643485793949459506e+01 1.643188495892323076e+01 1.641483950411749859e+01 1.642269174977202439e+01 1.642192162585888582e+01 1.641508777787287343e+01 1.641561896626506467e+01 1.644253385770940312e+01
1.641067257442568916e+01 1.641734687774793855e+01 1.642390592171290820e+01 1.638568558570797862e+01 1.645061819190703289e+01 1.641932614476099772e+01 1.641940660783344796e+01 1.641892064320018818e+01 1.642799803984735973e+01 1.641752414222902345e+01 1.642779111971261585e+01 1.643741465208523067e+01 1.642316651840686959e+01 1.642102349533828942e+01 1.641426975041803615e+01
1.642716126972109336e+01 1.642115509764724024e+01 1.641615209380552187e+01 1.642018945173569122e+01 1.642934933441052081e+01 1.644022683948254482e+01 1.639903768558992425e+01 1.644173639765138262e+01 1.644576882430595433e+01 1.643724117657803063e+01 1.642554602081382242e+01 1.639936604683714449e+01 1.642730366936818243e+01 1.641663942836352419e+01 1.641896441706508369e+01
1.643745058806348780e+01 1.641940621895442831e+01 1.645251678605230339e+01 1.642424335772562927e+01 1.642314591854927741e+01 1.641446587657283374e+01 1.638223896524419487e+01 1.644897865287561345e+01 1.643341361719319949e+01 1.638579023802722290e+01 1.643092034541678004e+01 1.641138575507714847e+01 1.641539214172300731e+01 1.641896962779188129e+01 1.638397135242812297e+01
1.643758853616155946e+01 1.643226354665561573e+01 1.643388404849241624e+01 1.642315051018689331e+01 1.642212317113634157e+01 1.644228262272565999e+01 1.640635460012689251e+01 1.642365481841384067e+01 1.642523005559990068e+01 1.641299893293391321e+01 1.640236314916861105e+01 1.645065966778055611e+01 1.642993286476283288e+01 1.641535359141942507e+01 1.642238687665883035e+01
1.643052932955292178e+01 1.644164311364847109e+01 1.641519724471240949e+01 1.642059058967464935e+01 1.642916469944814750e+01 1.643087014200257912e+01 1.640533481561396201e+01 1.644179914007552057e+01 1.641833700260622919e+01 1.642891523282250432e+01 1.643175315634810119e+01 1.640647904082224429e+01 1.642995510524916725e+01 1.641209376714176926e+01 1.640544101125611931e+01
1.641727506211190502e+01 1.642956027802844687e+01 1.642482720679821284e+01 1.644872592773493025e+01 1.642787702028557106e+01 1.640653117975590547e+01 1.643949171151180622e+01 1.641334335204279071e+01 1.643038085216373645e+01 1.642131435797153571e+01 1.640962701624777509e+01 1.642476872520999720e+01 1.643371263006503114e+01 1.642763601054411637e+01 1.640572893063824012e+01
1.641124493900078107e+01 1.643891570629753929e+01 1.641788370017814458e+01 1.644131546031315949e+01 1.643164342552179491e+01 1.643600358868246403e+01 1.643642471663746107e+01 1.642773193011153410e+01 1.643408487236745685e+01 1.641561137333318499e+01 1.642316034116539214e+01 1.641524763435101164e+01 1.642788516636889184e+01 1.642598503250067310e+01 1.642479454582023024e+01
1.641766803901776228e+01 1.643314484545537724e+01 1.641728365178276050e+01 1.642320789269157899e+01 1.644380352241506316e+01 1.643957857458682170e+01 1.640134465763838278e+01 1.641685317188273885e+01 1.641170261502294636e+01 1.641350060373116193e+01 1.642630578215913317e+01 1.642433699606253583e+01 1.643524193362743802e+01 1.642808233310661237e+01 1.642127600612796456e+01
1.642019655035957726e+01 1.641765473000699416e+01 1.642581457639187903e+01 1.639228484801211039e+01 1.642961258467101615e+01 1.641969499292198265e+01 1.642291239519784796e+01 1.642327001341289616e+01 1.643702719900113252e+01 1.644057203941102330e+01 1.643611770772186276e+01 1.643591548974640659e+01 1.644948047807472236e+01 1.642119717400745671e+01 1.641419049124409213e+01
1.641862424161323730e+01 1.643352379498375271e+01 1.642466781661048358e+01 1.641431025036717273e+01 1.643722057568285067e+01 1.642217711539651503e+01 1.642554828762191121e+01 1.641360809436165624e+01 1.642306134403525064e+01 1.640982096811559998e+01 1.641543716349474025e+01 1.643393208982874043e+01 1.641553789151396359e+01 1.642699584632678977e+01 1.642504858154231329e+01
1.643611655941690231e+01 1.642795041448336946e+01 1.641254624170676024e+01 1.642045368188837884e+01 1.641627622080862992e+01 1.642043551972207993e+01 1.643405232843866060e+01 1.642816799369252223e+01 1.641145966058054384e+01 1.641828612623289274e+01 1.642219309222454271e+01 1.643304157464766035e+01 1.642240393914305940e+01 1.643063599545422093e+01 1.641270767721603008e+01
1.641357970456177995e+01 1.636925679540700784e+01 1.640631300106324630e+01 1.644127676826215279e+01 1.644695679504830110e+01 1.642762863896038183e+01 1.642936849621242956e+01 1.642139240685343182e+01 1.642101023348577726e+01 1.643511252544194434e+01 1.637572835062648480e+01 1.645275778338259087e+01 1.645446401100955214e+01 1.643691032751889480e+01 1.642392016388039622e+01
1.642846716356062586e+01 1.643100983761439693e+01 1.641511940021856830e+01 1.641659767963551531e+01 1.641699296229679561e+01 1.643645211804526696e+01 1.641648751453757171e+01 1.641771538464635682e+01 1.643396600473730373e+01 1.641152863965464093e+01 1.641315731838149361e+01 1.643159372058518031e+01 1.641608608872178721e+01 1.641751161408950921e+01 1.643768441245096312e+01
1.641054208975154438e+01 1.643263635775202758e+01 1.642379498262599213e+01 1.643238490309712674e+01 1.642500025112401829e+01 1.642151759998361271e+01 1.644158274563883992e+01 1.643285651183039064e+01 1.642415174471290484e+01 1.640541741210164162e+01 1.642200437140866143e+01 1.642627316523425307e+01 1.642411884459115967e+01 1.640940235721395624e+01 1.641283327782354107e+01
1.642119561473552736e+01 1.641756020250826609e+01 1.643588169711299685e+01 1.643562007447215834e+01 1.642361989194522565e+01 1.641585189583101467e+01 1.642257202900318447e+01 1.643634308266877042e+01 1.640965356503066985e+01 1.644165754846711636e+01 1.644215423740315174e+01 1.642664472085593985e+01 1.641028871712934034e+01 1.644104220082822465e+01 1.642074939677136669e+01
1.642572639990098793e+01 1.642884279943403314e+01 1.643735610801334701e+01 1.643687225022138421e+01 1.642920714213899913e+01 1.643127931623047644e+01 1.643114220609804477e+01 1.644371343894108506e+01 1.640737476522676630e+01 1.641073400085536704e+01 1.643172453629387775e+01 1.641644679031408316e+01 1.641693987914068842e+01 1.642286248321821418e+01 1.644487506023248358e+01
1.642663206033995138e+01 1.641410042276848813e+01 1.641915952653551258e+01 1.642875783545741797e+01 1.642574228347613285e+01 1.641947224182070997e+01 1.642192159353958303e+01 1.641124127208867733e+01 1.642041494848275107e+01 1.641517914110312049e+01 1.642152832209087876e+01 1.642561898867188930e+01 1.642465401565405969e+01 1.643229646654875253e+01 1.643424585599828447e+01
1.642858428688784755e+01 1.642449655092718430e+01 1.641514746587996143e+01 1.643209536334907384e+01 1.642358667186102039e+01 1.643289794079393928e+01 1.643620035717337302e+01 1.642213136721136024e+01 1.643694198798061734e+01 1.642386712625599543e+01 1.641394191171499628e+01 1.642707866330175293e+01 1.640657430228356617e+01 1.642911112047549693e+01 1.641518952912890583e+01
1.643417602617515527e+01 1.642729681037593537e+01 1.642199449609558570e+01 1.642482799765290480e+01 1.642794927730517429e+01 1.641005578372459794e+01 1.643896875478380437e+01 1.641936569872306606e+01 1.642556469926810436e+01 1.643808272794927561e+01 1.641261136746899751e+01 1.641024926330460332e+01 1.643713218463270209e+01 1.643622828142252601e+01 1.643083200124824828e+01
1.640208080424423542e+01 1.639871401491335590e+01 1.641371917443397876e+01 1.640699501638839664e+01 1.643530702791118614e+01 1.641979586334445784e+01 1.644618637881750445e+01 1.642183976180836069e+01 1.641192656712415854e+01 1.642344826257798118e+01 1.642656042969501229e+01 1.640718860171630311e+01 1.643226414793182855e+01 1.644046253000611557e+01 1.643425355313485170e+01
1.642548327450643342e+01 1.643584628322260954e+01 1.641094208540489419e+01 1.643384660241754247e+01 1.644665833451673009e+01 1.642528660554990338e+01 1.643171391100809231e+01 1.641325286216931900e+01 1.643359117687100479e+01 1.641311152817172214e+01 1.642711533278298219e+01 1.643234830151105186e+01 1.642577610813443556e+01 1.641665620607877329e+01 1.642648009019949029e+01
1.643025837787690335e+01 1.643540974847641678e+01 1.642532614141868308e+01 1.643514984029551584e+01 1.639895316843700002e+01 1.642486785044681241e+01 1.644006463317777644e+01 1.642827766033391512e+01 1.641447267274186572e+01 1.643935858554520735e+01 1.643743030428189655e+01 1.641463933359115401e+01 1.644040207596566816e+01 1.642200379774281416e+01 1.640825602073300260e+01
1.640050179209435655e+01 1.640379475959306177e+01 1.644328770317576272e+01 1.643394991343052070e+01 1.642066038875276135e+01 1.640716501075477396e+01 1.643546319048063609e+01 1.641472214858565692e+01 1.641798564801711890e+01 1.643134279023666977e+01 1.639388357914556948e+01 1.642990944728422065e+01 1.643067244877109090e+01 1.641582145989840669e+01 1.643720614494704080e+01
1.638126496897430684e+01 1.644050963090010242e+01 1.642768042866619282e+01 1.642685987373021206e+01 1.641845723468109952e+01 1.643298508681467140e+01 1.639242429606717977e+01 1.644647204989561828e+01 1.641250097681075104e+01 1.642002750772538633e+01 1.641713781287148777e+01 1.641119011696851260e+01 1.643282691154509578e+01 1.638851873864840059e+01 1.643434608402357711e+01
1.643969751975855687e+01 1.644489491437333584e+01 1.641544648145700336e+01 1.642680499824757945e+01 1.642673378138503537e+01 1.643560125480178513e+01 1.642014802912783011e+01 1.642782963380905059e+01 1.644174864287922588e+01 1.643529086769983394e+01 1.642520984197564360e+01 1.641150359157899530e+01 1.641435392699424511e+01 1.639689060169332890e+01 1.643241737208417064e+01
1.640450169969172123e+01 1.640262658324906297e+01 1.642762996232128359e+01 1.640586299204086274e+01 1.644586195804286888e+01 1.642657848009674737e+01 1.641004787596518355e+01 1.639047144175042448e+01 1.643101161102499930e+01 1.641933889836685978e+01 1.642693437743002960e+01 1.644838514978841459e+01 1.641373054442223278e+01 1.642960303889821461e+01 1.641203439538674047e+01
1.642856949060123029e+01 1.643261305254968718e+01 1.640824298544037774e+01 1.642396973947241534e+01 1.644214003213510722e+01 1.641611342562950426e+01 1.644213042167608307e+01 1.642373302595204976e+01 1.640663120109792317e+01 1.641524089504915196e+01 1.643149616858406503e+01 1.642269474641756233e+01 1.644587840166252590e+01 1.642517183923994040e+01 1.640685644551670919e+01
1.640505262222103156e+01 1.642963812670367574e+01 1.641064475095587127e+01 1.641906053320057879e+01 1.641737116909122562e+01 1.642122061311993875e+01 1.642836945856177522e+01 1.642397559618794745e+01 1.643692948061331194e+01 1.642346747233668580e+01 1.644367413272696510e+01 1.643471663767214963e+01 1.641247055425921531e+01 1.643400921122810843e+01 1.642747527969875065e+01
1.642552242011059249e+01 1.643533278366037820e+01 1.641144425577742894e+01 1.643483638170353345e+01 1.642333808799005723e+01 1.642321919407750741e+01 1.641032247033921720e+01 1.642095810757554375e+01 1.643029012582238124e+01 1.643907982454854988e+01 1.641114571332944294e+01 1.641244636346447194e+01 1.642195038693757070e+01 1.644183027111814965e+01 1.641003960609845791e+01
1.642478186474353308e+01 1.641787373177334430e+01 1.642589493459436056e+01 1.641738021802157732e+01 1.642259166437856521e+01 1.642101681278225556e+01 1.641044190079477616e+01 1.643934228754987714e+01 1.642051672921358474e+01 1.645038494081463298e+01 1.641494357195972142e+01 1.643001659096222511e+01 1.643138829513055299e+01 1.642578299080570758e+01 1.644859093931663452e+01
1.642749367292811158e+01 1.642533028086725722e+01 1.643561324016431158e+01 1.641924875395952199e+01 1.641782867393015977e+01 1.641389226318814920e+01 1.640586707192395721e+01 1.641681518774964843e+01 1.644527118004226551e+01 1.642621874896248357e+01 1.641658409876264813e+01 1.641883463960179057e+01 1.641807106041201436e+01 1.640456314936325910e+01 1.642963696422273756e+01
1.640515232399593870e+01 1.640878002740221930e+01 1.639580381266356213e+01 1.642341593169470926e+01 1.640138835091205038e+01 1.640977522408962130e+01 1.642704151288752001e+01 1.641606329954050025e+01 1.643402232822759856e+01 1.643252993242152371e+01 1.643422400481312806e+01 1.642057196492053350e+01 1.641631076542573808e+01 1.644472400294236891e+01 1.642839655587952308e+01
1.642932383230649052e+01 1.642344832968113977e+01 1.644579067141417639e+01 1.642459483082791749e+01 1.642542284775943173e+01 1.640882796053695714e+01 1.640888389345145981e+01 1.641095078649966510e+01 1.643759000005433535e+01 1.641765765958409773e+01 1.643202291862681008e+01 1.642920814830904774e+01 1.644591706575052825e+01 1.641312705900202928e+01 1.642032469200016465e+01
1.641381359450048905e+01 1.643184308266740601e+01 1.641731521005356598e+01 1.642401708090906709e+01 1.641149395142283751e+01 1.641685749681924733e+01 1.640101259526819888e+01 1.641375102148887777e+01 1.641262330725392715e+01 1.643386497817840919e+01 1.641132322448998337e+01 1.643728506861818062e+01 1.643847872068033311e+01 1.642392384671095229e+01 1.640896872392987760e+01
1.636430185816339389e+01 1.643080585039455599e+01 1.645232443505949149e+01 1.640518583513610906e+01 1.643064037702157520e+01 1.641423703648449361e+01 1.641988868352503772e+01 1.640799356940193832e+01 1.641870316191840118e+01 1.641391649365693084e+01 1.644577283128050738e+01 1.644543676064432702e+01 1.643032427473536572e+01 1.643287321442820215e+01 1.643956326936836732e+01
1.640100280733624416e+01 1.641262270334214790e+01 1.644033669236283401e+01 1.643563885523114720e+01 1.641160667289907238e+01 1.644395342666583559e+01 1.642323534172967214e+01 1.642690367338345325e+01 1.644006692659631597e+01 1.643218798257355573e+01 1.642695507069535310e+01 1.641156770210822913e+01 1.643906063969368958e+01 1.640549525617909410e+01 1.644412160838467329e+01
1.642386604389958293e+01 1.640850242448060214e+01 1.642139087931554542e+01 1.640502571280308075e+01 1.643797333976477049e+01 1.639524487729594071e+01 1.642371177499101975e+01 1.641420533178912677e+01 1.642810448337229445e+01 1.640222794863510458e+01 1.644086781177232126e+01 1.642722636403188474e+01 1.641171589662982910e+01 1.642354875236762268e+01 1.644712422513773831e+01
1.643703345981866448e+01 1.644478901144850269e+01 1.641276714702059181e+01 1.642467535045145510e+01 1.644235027695927798e+01 1.641888423432024169e+01 1.642223452795270333e+01 1.642619753361105950e+01 1.644384041386359740e+01 1.643466452215305651e+01 1.643162531547499938e+01 1.642716478406199343e+01 1.643432130212482178e+01 1.642040239259086931e+01 1.641666620675477972e+01
1.643162006349498938e+01 1.642547778279919868e+01 1.641433703366503849e+01 1.642416929751663091e+01 1.641453442389888551e+01 1.644457680185394111e+01 1.641958636234654634e+01 1.643197864571049749e+01 1.642186488116392695e+01 1.643471554700437309e+01 1.641889164566799408e+01 1.642277799349166401e+01 1.642759019209480442e+01 1.642666784254580392e+01 1.642044533337033130e+01
1.642132887770826954e+01 1.639960333597248265e+01 1.642924562069715222e+01 1.641557150537390442e+01 1.643549902466796198e+01 1.641338999075729177e+01 1.641691214124497122e+01 1.642651371094063251e+01 1.640945884450349013e+01 1.641731254372121995e+01 1.641779913312108263e+01 1.643572374214492271e+01 1.642061780406760363e+01 1.640985398773014481e+01 1.640697330769495110e+01
1.642674032093569636e+01 1.641995402656355196e+01 1.643424363905230123e+01 1.642247520245629744e+01 1.642310755063130401e+01 1.640775936289196579e+01 1.643420276652187084e+01 1.641256809273443551e+01 1.640150265595008605e+01 1.644180308687107228e+01 1.643302124382989149e+01 1.644639349470869760e+01 1.642043445435544058e+01 1.643940550945309198e+01 1.642070522472074146e+01
1.641444844834838079e+01 1.641486962716142983e+01 1.643620901253218491e+01 1.642293038195313670e+01 1.641960891609414475e+01 1.643564097255350731e+01 1.642594375018379793e+01 1.643020454318163104e+01 1.644191341867728440e+01 1.643921775545118535e+01 1.642644604438622480e+01 1.642656952399398307e+01 1.640860221480566139e+01 1.642018599213687224e+01 1.641993339935007157e+01
1.641181019298349852e+01 1.641405350695630005e+01 1.641299820094267758e+01 1.640820591563259612e+01 1.644006454417300489e+01 1.641951895715084930e+01 1.641941071152783138e+01 1.641143443079273823e+01 1.641842366902259798e+01 1.640088140564885677e+01 1.644352274083916043e+01 1.640872276857872691e+01 1.643914060726142878e+01 1.644848753752038206e+01 1.644055215763084021e+01
1.642634767141016638e+01 1.642773828966974392e+01 1.643207385322825331e+01 1.643391023365072456e+01 1.643655388938172024e+01 1.639993525083387027e+01 1.644906333214048288e+01 1.647913757557488879e+01 1.645394763750834599e+01 1.639592859949857484e+01 1.641015458394696935e+01 1.642365739909034161e+01 1.644538991187138066e+01 1.641915730794129047e+01 1.643130295214867331e+01
1.644113245175271842e+01 1.641871297525134921e+01 1.642182649510594317e+01 1.643087087059198126e+01 1.640743425216693652e+01 1.642905299998090030e+01 1.642192670417088252e+01 1.641598021964915333e+01 1.643778115456818512e+01 1.643069847439637599e+01 1.643455533383221834e+01 1.643764587955228151e+01 1.640135123910357962e+01 1.642082130820777053e+01 1.644665296351793771e+01
1.643578199866757927e+01 1.644187800323781090e+01 1.642838993307715967e+01 1.642215729674704860e+01 1.643409768417187422e+01 1.639969142252256873e+01 1.641089369856353741e+01 1.640893212182645300e+01 1.641912219832556730e+01 1.643305699768983530e+01 1.643496750932087735e+01 1.642030905052898859e+01 1.645204402166182334e+01 1.644597862092154017e+01 1.641066884564803274e+01
1.643447877565547088e+01 1.641705015139304891e+01 1.643178271096656928e+01 1.643717484375927285e+01 1.641804193196277240e+01 1.640597660486233522e+01 1.640799137425652177e+01 1.642665636369130766e+01 1.639882265095335967e+01 1.643540073098946408e+01 1.644068156903670896e+01 1.642570199574530321e+01 1.642582930502097938e+01 1.643816188231611974e+01 1.637736951717517186e+01
1.640777921354035840e+01 1.645343271577937472e+01 1.641712377431811731e+01 1.641213913202410168e+01 1.643435146763003019e+01 1.641545398840850112e+01 1.643261563198270281e+01 1.642236427021566314e+01 1.642036769782129824e+01 1.642841828055989950e+01 1.641916827083485941e+01 1.643932327211513567e+01 1.641368447397738350e+01 1.644045049361418975e+01 1.641961084016199734e+01
1.644324475272255626e+01 1.640882821143608794e+01 1.639264849777126898e+01 1.643353323031757185e+01 1.641151401237318197e+01 1.642430752116864667e+01 1.643744077903065559e+01 1.639266973060322741e+01 1.641617005845019506e+01 1.643414407675887645e+01 1.642995109906691553e+01 1.644752436336783319e+01 1.643020726311803514e+01 1.642603802013901060e+01 1.643181922107744697e+01
1.643351784452237752e+01 1.640120743673704595e+01 1.641065050521688917e+01 1.642120701190856735e+01 1.644185947408760740e+01 1.640889984104856225e+01 1.643140636395223453e+01 1.643773449463814629e+01 1.640822068624675723e+01 1.642898336526346270e+01 1.643467452134432705e+01 1.640363964871245628e+01 1.643161220126799549e+01 1.640751306945097099e+01 1.643217709284754591e+01
1.642728435545821242e+01 1.642093442143385218e+01 1.642174441365632731e+01 1.642178388693082169e+01 1.640982222490391251e+01 1.644046352281524292e+01 1.643144391735654608e+01 1.642390062888363644e+01 1.644761691392859149e+01 1.641500190989469132e+01 1.641452099486474836e+01 1.641490252150590123e+01 1.642712506201780798e+01 1.641164806624474792e+01 1.641999279197894523e+01
1.641824137460485744e+01 1.641967444886831018e+01 1.641590805075657755e+01 1.643716521626101112e+01 1.641625326888351211e+01 1.643890323159724076e+01 1.643133230909262821e+01 1.643284623847568326e+01 1.641965763110978926e+01 1.642613759182686195e+01 1.639885497718755758e+01 1.641382040816992216e+01 1.639372939235352433e+01 1.641131143876858189e+01 1.642810903220915009e+01
1.643204608388888133e+01 1.642377840081739393e+01 1.643662462448419959e+01 1.643283476247220776e+01 1.640961396110353476e+01 1.640521938359960785e+01 1.644566379627044483e+01 1.644012464773084048e+01 1.641391600961969743e+01 1.639569906069168681e+01 1.643785234864643385e+01 1.644245487604104028e+01 1.642644461081358287e+01 1.643461727708624309e+01 1.643180775168376329e+01
1.642682145517830605e+01 1.642723304435339671e+01 1.640664269685575505e+01 1.642556320757904942e+01 1.641553114934527713e+01 1.642273271356517483e+01 1.642800404544771808e+01 1.644041578529390790e+01 1.643797580024864402e+01 1.641931361010056278e+01 1.642615427802270389e+01 1.643429851236342643e+01 1.641760785848194715e+01 1.641963727015861352e+01 1.642003579763127163e+01
1.640849036906357483e+01 1.644453134867011102e+01 1.642196568441978854e+01 1.640980956873593755e+01 1.641886242135000629e+01 1.640011832330249675e+01 1.641202135322376421e+01 1.643093255674570230e+01 1.643981825678702080e+01 1.642865868280788177e+01 1.642421827690048985e+01 1.638457500483381324e+01 1.642661382251413826e+01 1.640133231894882826e+01 1.643235153499633228e+01
1.642916366657577143e+01 1.643415758122289816e+01 1.643482446204963665e+01 1.639601276501706195e+01 1.639932309028603186e+01 1.643805704110091881e+01 1.640059513892624565e+01 1.643066886712713526e+01 1.644853386001895501e+01 1.640406542864808159e+01 1.642913183830379253e+01 1.639723816831046221e+01 1.640195530148796621e+01 1.642371586012324158e+01 1.644624940703624461e+01
1.644002674804523423e+01 1.641854870006626044e+01 1.643593257653694195e+01 1.640966701564538255e+01 1.644302361609426910e+01 1.641204994117468985e+01 1.641604326127722757e+01 1.643333801442378572e+01 1.642024910253894632e+01 1.641794920124918278e+01 1.642651543042734374e+01 1.642654761770456417e+01 1.642176909893287373e+01 1.641327987999622096e+01 1.640200195625448387e+01
1.639791090461932654e+01 1.643436814670709012e+01 1.643711039384294281e+01 1.643488370703693846e+01 1.644262445867877886e+01 1.643295597310372358e+01 1.641188765364335822e+01 1.641231959026724141e+01 1.641189099381859151e+01 1.641828484054294179e+01 1.641596442259227828e+01 1.640987423114420807e+01 1.643340606097294909e+01 1.640891221061009375e+01 1.643295691882893195e+01
1.643137588344606925e+01 1.641804714055482961e+01 1.642720050840634372e+01 1.640584255176979411e+01 1.641666337232957318e+01 1.644207371129300199e+01 1.641228093256766840e+01 1.642971657362765825e+01 1.641222539905247402e+01 1.645200732407225175e+01 1.642832827175960730e+01 1.640099753755832523e+01 1.642648041278977189e+01 1.639708141886852388e+01 1.642585865737281736e+01
1.644566376905840244e+01 1.641552856989380160e+01 1.642628796666741664e+01 1.641835316398635314e+01 1.641330523212938530e+01 1.645264028558917957e+01 1.639934251644851670e+01 1.641641841721887474e+01 1.643215173673858231e+01 1.643795123979575123e+01 1.643043506698590051e+01 1.641851261458734967e+01 1.642824403923060927e+01 1.641441877677097594e+01 1.642065503256040060e+01
1.639724075510036982e+01 1.641270110112792224e+01 1.641293257618892554e+01 1.643377729853626690e+01 1.642416269305402921e+01 1.642840529917377523e+01 1.643153031701923084e+01 1.644312284940584945e+01 1.642865456023863402e+01 1.643223292331296648e+01 1.644199610629871344e+01 1.642604888622941317e+01 1.640461753892310881e+01 1.643167260685891762e+01 1.641182961573264265e+01
1.641367793865057223e+01 1.641661940861002833e+01 1.642737366054879544e+01 1.642852835411634160e+01 1.643029277457037907e+01 1.641159949352138980e+01 1.641003310432612849e+01 1.638927517938727263e+01 1.644885207654304438e+01 1.643417928554162444e+01 1.642303769922316192e+01 1.640585281460525735e+01 1.643312495469405121e+01 1.641089954696414566e+01 1.641627548254392366e+01
1.642838864336866322e+01 1.643134878299564150e+01 1.643207118086498042e+01 1.643206144013875658e+01 1.641697476708367986e+01 1.642235510560965395e+01 1.643540294412592218e+01 1.644184867640893088e+01 1.644207450982959173e+01 1.641011160724004014e+01 1.642325674440110816e+01 1.641512820120042804e+01 1.643713877476678675e+01 1.643362178442921007e+01 1.641314558663848544e+01
1.640438600612470665e+01 1.641453380828515307e+01 1.643668769860602197e+01 1.642832653809234245e+01 1.643769259631333668e+01 1.644079636278032197e+01 1.640729773252984458e+01 1.642052343120350955e+01 1.642453631436844219e+01 1.642570787266457444e+01 1.642183138218648253e+01 1.642053565431457329e+01 1.640580003427661993e+01 1.641627556050674386e+01 1.639757561260185881e+01
1.641925512172475621e+01 1.641258621189661682e+01 1.641920294447468365e+01 1.642081510239062681e+01 1.640796999101625886e+01 1.645206626388861082e+01 1.639164554199496493e+01 1.642166216308424254e+01 1.642097509326458038e+01 1.642038651210154754e+01 1.642442143261264675e+01 1.642945280992863033e+01 1.639409531591272540e+01 1.638842695596035881e+01 1.640605321761345792e+01
1.642971482532781025e+01 1.643473184145656774e+01 1.639748895391517181e+01 1.642245402249681874e+01 1.643811975665770575e+01 1.643441115852963108e+01 1.642791454794869566e+01 1.642638532020373177e+01 1.642577044581178569e+01 1.640014684940956258e+01 1.641799629123486426e+01 1.643253295721466856e+01 1.643322027692859422e+01 1.642024600538762158e+01 1.641918415591467451e+01
1.643598664314736624e+01 1.643490179888474856e+01 1.640769120887691201e+01 1.643350097481746275e+01 1.641864143361170747e+01 1.644157377461957736e+01 1.644705678678998240e+01 1.643701606941444737e+01 1.641398933643289482e+01 1.641038587754731992e+01 1.641943959885295357e+01 1.642131573424958901e+01 1.642384253097010571e+01 1.643500152430648242e+01 1.642482831257905573e+01
1.640809097743931844e+01 1.641214089762647532e+01 1.641578023633913119e+01 1.644952601050346175e+01 1.644399895145233259e+01 1.642140881620237280e+01 1.641962401238323466e+01 1.641307551869065762e+01 1.641651358371479930e+01 1.642973293419277780e+01 1.643607102859131786e+01 1.642493855891148158e+01 1.642832364646477572e+01 1.641553356608483583e+01 1.643426438486360652e+01
1.642686179486870302e+01 1.644194713173634881e+01 1.643109224859225037e+01 1.643895049512259021e+01 1.644442791453967700e+01 1.641250872926254090e+01 1.643494636046021640e+01 1.643583741207535454e+01 1.642941762978859543e+01 1.640861432478875415e+01 1.643135069133231241e+01 1.641699953810609358e+01 1.639765807660217689e+01 1.640500886027084348e+01 1.641829137305512631e+01
1.643682842883726636e+01 1.643267914844366118e+01 1.642804388872676924e+01 1.641150158378881585e+01 1.642699573173487693e+01 1.640196296956218802e+01 1.640863587856018313e+01 1.640985322639622623e+01 1.642328852105254811e+01 1.641418119324002944e+01 1.643591714005830084e+01 1.643074357419100906e+01 1.642898411997785502e+01 1.642153327130441554e+01 1.641376272558873595e+01
1.641684905151586094e+01 1.640187184147112021e+01 1.642441941036765840e+01 1.643592694755494321e+01 1.644168751601467093e+01 1.644477081683401920e+01 1.641733832642513491e+01 1.641461435681963721e+01 1.642956735207082275e+01 1.642889238629023652e+01 1.643500864706085807e+01 1.641781583908417730e+01 1.643306341705771345e+01 1.642144076006388431e+01 1.641701925574595222e+01
1.643203049809726934e+01 1.642482909759646859e+01 1.643497813711926625e+01 1.642522130747674325e+01 1.641963235840530544e+01 1.643567232631508546e+01 1.641663051522481709e+01 1.641539734214303436e+01 1.644086301768626157e+01 1.640829063796499554e+01 1.641886398910487799e+01 1.644903674507794022e+01 1.643366285353065592e+01 1.643542021417616539e+01 1.643496715823263443e+01
1.640935634478049820e+01 1.641739543341116914e+01 1.641077922955357238e+01 1.644699211030824415e+01 1.643350556497301440e+01 1.642996371830844282e+01 1.642960868622596493e+01 1.641479477690911182e+01 1.642196450940875962e+01 1.643194549059706233e+01 1.642645876784218473e+01 1.642478719030039613e+01 1.643415495798054593e+01 1.643803616505103449e+01 1.641348448073692268e+01
1.642588455555875271e+01 1.641889743525513268e+01 1.641303597912542145e+01 1.640559022090979724e+01 1.642336356405133913e+01 1.643295051168973231e+01 1.642554265877537034e+01 1.641346745086161363e+01 1.643735689331650462e+01 1.643942144328516619e+01 1.642792117963745469e+01 1.643550219945097979e+01 1.641738308889164699e+01 1.641837193457478605e+01 1.641798802999800344e+01
1.642482423507981437e+01 1.644345710693556839e+01 1.644601168689108661e+01 1.644331531920227363e+01 1.640754139174533321e+01 1.642965034596310758e+01 1.643039404001699921e+01 1.641449564354701707e+01 1.640233312671084676e+01 1.644455306873535250e+01 1.641218209888692314e+01 1.640207037693806313e+01 1.640799569324503082e+01 1.643704355295514574e+01 1.641968601644765968e+01
1.643511139916297736e+01 1.646138780078390695e+01 1.641091043200161081e+01 1.641177204752387908e+01 1.642501129446863217e+01 1.641751859873494368e+01 1.642556835945199722e+01 1.643116631772804581e+01 1.643500882972547217e+01 1.643474950773573795e+01 1.643474806456926274e+01 1.643777714144613711e+01 1.645595623532573981e+01 1.641241822495607394e+01 1.644040502454382136e+01
1.643471203631164101e+01 1.641629820587220223e+01 1.642262112938585972e+01 1.640908346736496526e+01 1.642304329078985248e+01 1.642964661004418758e+01 1.641697135186617373e+01 1.640646406771297805e+01 1.640714015746348409e+01 1.642020476110114302e+01 1.642558551466191119e+01 1.642834523431738702e+01 1.643481914338321204e+01 1.642949052344632577e+01 1.642810804777760580e+01
1.640407437419102266e+01 1.641201399997788357e+01 1.643699203755835470e+01 1.642473943630006161e+01 1.640181048154456178e+01 1.643806989804072316e+01 1.641746052704499803e+01 1.643945595752945721e+01 1.642008702085136918e+01 1.641768265616314793e+01 1.643302147793586343e+01 1.641483367804952564e+01 1.645614671569338583e+01 1.644132051924407989e+01 1.641299003647976917e+01
1.643645791892636865e+01 1.642087458601664807e+01 1.641350860451989035e+01 1.642485888700780094e+01 1.643336963559208286e+01 1.642032166470830745e+01 1.640654372370201131e+01 1.642703677578720445e+01 1.645430659180436450e+01 1.642526345068635507e+01 1.643392753781669313e+01 1.644475492800441785e+01 1.641712572806407522e+01 1.644511496601939982e+01 1.640920981910940668e+01
1.643972688440194929e+01 1.642946440202183211e+01 1.641142320722751435e+01 1.640864678926119069e+01 1.643555536212442192e+01 1.641048446359378943e+01 1.643518020388179934e+01 1.642049938075155424e+01 1.641030638689181487e+01 1.640478725624497613e+01 1.642883091881871493e+01 1.640395699728177092e+01 1.643214754494163898e+01 1.643820379033298096e+01 1.640708059376263250e+01
1.642311921405435626e+01 1.642523229388714867e+01 1.640817212700466143e+01 1.642972191245392111e+01 1.643333223446419922e+01 1.642697112375241630e+01 1.640530414966931261e+01 1.642129675508192577e+01 1.640955380811775655e+01 1.642318855182363180e+01 1.641172857603681123e+01 1.640464906195681039e+01 1.641103298261240084e+01 1.641558648654448049e+01 1.641422778651768155e+01
1.643434019075186825e+01 1.641842902145701899e+01 1.641226546025233546e+01 1.639967660674014738e+01 1.642705689457096696e+01 1.641919282343713959e+01 1.642046357553732250e+01 1.640716156448671725e+01 1.640872330148907920e+01 1.642905293856970417e+01 1.642018003407772397e+01 1.642139239890136082e+01 1.640754805669158856e+01 1.641328402872097314e+01 1.642941390327948881e+01
1.643115370817129417e+01 1.640340947058913201e+01 1.643757253216439196e+01 1.643715388963194002e+01 1.643790728183021344e+01 1.642643674302826895e+01 1.640823958691154516e+01 1.643140285896048525e+01 1.641129148612303013e+01 1.642709307156313869e+01 1.643531502946572331e+01 1.643070287005016539e+01 1.639723411422960808e+01 1.643706648369812484e+01 1.642334478595439862e+01
1.643209800217949379e+01 1.644387127692036188e+01 1.642791359710348331e+01 1.642616389532139465e+01 1.642158780796051687e+01 1.643304058820147162e+01 1.642329353746238496e+01 1.640935368698127306e+01 1.643511390061472000e+01 1.644004687158582101e+01 1.642733926588245197e+01 1.644169411583804674e+01 1.643276063433596690e+01 1.641353285195138767e+01 1.642565170886297921e+01
1.643151609395145840e+01 1.642264360961000591e+01 1.641237924585447416e+01 1.640639008995932713e+01 1.642082230045310354e+01 1.642909685915103069e+01 1.643502662822031013e+01 1.640959930595122529e+01 1.643881693160538759e+01 1.642013468572717727e+01 1.641754555653330883e+01 1.641103945899773819e+01 1.643499591970395102e+01 1.642588524863915822e+01 1.642543218245437586e+01
1.642627300655182054e+01 1.641692990143022968e+01 1.642492720374064419e+01 1.643598699460092050e+01 1.642987314100977514e+01 1.642918669096157558e+01 1.640408983673399490e+01 1.640678624728491286e+01 1.644504346779972437e+01 1.643441235210753248e+01 1.640002215986724110e+01 1.642177982971677963e+01 1.643408378474260090e+01 1.642197266163190150e+01 1.642687063518861379e+01
1.643542914639413510e+01 1.642084973424672256e+01 1.641138539467780078e+01 1.644944650927126872e+01 1.645252514720530712e+01 1.643249696666185855e+01 1.642285872987157802e+01 1.642295857051465191e+01 1.643222767443798205e+01 1.641508975541923832e+01 1.641706209548434359e+01 1.642627225846425887e+01 1.643620134788442044e+01 1.642097272608822323e+01 1.643044240375350640e+01
1.641093033634682996e+01 1.641782382891642555e+01 1.641440192733134396e+01 1.641621879129397854e+01 1.642352402645624920e+01 1.643382946921057552e+01 1.641021431380466922e+01 1.642892001688597503e+01 1.640634720810120939e+01 1.642001322719928069e+01 1.645525222158090628e+01 1.641503046921216935e+01 1.643202967449799701e+01 1.641633396274901457e+01 1.641426835374465298e+01
1.639356393783846499e+01 1.643936255437429494e+01 1.641498247681418121e+01 1.640192657705453172e+01 1.639627004087171969e+01 1.643506338722024651e+01 1.641864324966144650e+01 1.643220229964168766e+01 1.643652805108221671e+01 1.641660743195334504e+01 1.645445155401109005e+01 1.642832166226436996e+01 1.642252609651486495e+01 1.642822362256576341e+01 1.642178968817112761e+01
1.643058776236589580e+01 1.640905100445953124e+01 1.640481049947866055e+01 1.640173736400332061e+01 1.641749044406619973e+01 1.640800690470266687e+01 1.643327144975776832e+01 1.643453818149197687e+01 1.643150361214268784e+01 1.643859482207962941e+01 1.644339825151793733e+01 1.641535789523105038e+01 1.643288647060864704e+01 1.642383293951055023e+01 1.639834110259700495e+01
1.641429200640135022e+01 1.640785308892906258e+01 1.643526375847578080e+01 1.641064924340440001e+01 1.642744764556096015e+01 1.641562299651921464e+01 1.641542015990691183e+01 1.641948699375720366e+01 1.642485335078399089e+01 1.639201226538617817e+01 1.644570611082204081e+01 1.643156823190104632e+01 1.641722118403823316e+01 1.644755586549685233e+01 1.642677404651846729e+01
1.639722450252502739e+01 1.642153745221195393e+01 1.643033971124653903e+01 1.644665358882538087e+01 1.641063960126998467e+01 1.641757234617950445e+01 1.642672209989243370e+01 1.643734030219456699e+01 1.640146948403385707e+01 1.642020587164454781e+01 1.642787604147838820e+01 1.641615417095609786e+01 1.639536989329636185e+01 1.643992245337935998e+01 1.640539817264286526e+01
1.642705919856805252e+01 1.641596361522557501e+01 1.644115210684999440e+01 1.643903475198823116e+01 1.643959746419639956e+01 1.641821144884493933e+01 1.643195263424269470e+01 1.641333082153308354e+01 1.642552100869061604e+01 1.642069287854398851e+01 1.643503225702783865e+01 1.639913356630381003e+01 1.641440430607966050e+01 1.643481596318997262e+01 1.642494594741387459e+01
1.643231351809508922e+01 1.643433234664570719e+01 1.644238525197254930e+01 1.640867430156392714e+01 1.641868341627055372e+01 1.639827289123729415e+01 1.639915139377013986e+01 1.642717652009399387e+01 1.643643036767035781e+01 1.640744535612629207e+01 1.643058071926952124e+01 1.644844948462193557e+01 1.641154282359428151e+01 1.640457442176824898e+01 1.640273103905471785e+01
1.642466506373534685e+01 1.642987763753416530e+01 1.640965585881788158e+01 1.640906836491657117e+01 1.643071574782566202e+01 1.641375275702512582e+01 1.644716581728630089e+01 1.641384863920552917e+01 1.641603079437132706e+01 1.643014762909874804e+01 1.642955961475396265e+01 1.643043884721088332e+01 1.643462778180003880e+01 1.640944455606692287e+01 1.640788083369549355e+01
1.644903624898252659e+01 1.642600867871088255e+01 1.639525582509873658e+01 1.644411431075723584e+01 1.642988824675452975e+01 1.644717197654735230e+01 1.641709475928885098e+01 1.642988345116098259e+01 1.640692389778348925e+01 1.640897115607544521e+01 1.639273169381080208e+01 1.640982222639129162e+01 1.641428537294008549e+01 1.640756185796059796e+01 1.641791490542190601e+01
1.643412324103437072e+01 1.641308087224786050e+01 1.643691866508052257e+01 1.644185908233349380e+01 1.641792414363361985e+01 1.644565514086747626e+01 1.642963056504947517e+01 1.639310449183833995e+01 1.641467183725992740e+01 1.641603190936130829e+01 1.641443239487666617e+01 1.639910036286552852e+01 1.642812730119191400e+01 1.640918954466399882e+01 1.641831002137000795e+01
1.643497100060162452e+01 1.640058873409924090e+01 1.643548805682214820e+01 1.643123807942451364e+01 1.642825586399082027e+01 1.644780193376006849e+01 1.642764325265114778e+01 1.640726376571942424e+01 1.643156707502198088e+01 1.642910040802853189e+01 1.640413243514665353e+01 1.643485029813163578e+01 1.642594285268143040e+01 1.641906259398004764e+01 1.643232130366635957e+01
1.642487956260751858e+01 1.644759839768750354e+01 1.642525296442378036e+01 1.642253561033794185e+01 1.643699894240754134e+01 1.641660137076228310e+01 1.640522764242809117e+01 1.644242489824107523e+01 1.639811258177613595e+01 1.641735075209890127e+01 1.643815955116560801e+01 1.641143726241046963e+01 1.641873525618423457e+01 1.641907266299604728e+01 1.641082431465595093e+01
1.644247064876612541e+01 1.642953751085278213e+01 1.643617776530684083e+01 1.642695678997209896e+01 1.643061333454975781e+01 1.642547964327447829e+01 1.642421308461462104e+01 1.642816926022528179e+01 1.642706455768415097e+01 1.642144949018175026e+01 1.641826190264386298e+01 1.641419945501765909e+01 1.643952028887306938e+01 1.642759995096281855e+01 1.642502207526877456e+01
1.641335335599279688e+01 1.643152814828637531e+01 1.642874232182181160e+01 1.641614339831398084e+01 1.641145951368374156e+01 1.643007931409862366e+01 1.641398919314562832e+01 1.644007817265445581e+01 1.644907206029018809e+01 1.643395262564107284e+01 1.639078311017118850e+01 1.641448957070284109e+01 1.643111483400916484e+01 1.643014355087100853e+01 1.641545908429737466e+01
1.641092453060315037e+01 1.643284887479575573e+01 1.640937295037269550e+01 1.640162263080157601e+01 1.641239570765793587e+01 1.641886821664239804e+01 1.642006421846421560e+01 1.642878070350764119e+01 1.643225157585362339e+01 1.643978767978853384e+01 1.641510657860256472e+01 1.642698375007328693e+01 1.642517669879001119e+01 1.642507554488464905e+01 1.642550537091009488e+01
1.642764870445527947e+01 1.644407811765725924e+01 1.640610559499517151e+01 1.641545963284701415e+01 1.642178393785482982e+01 1.643503133524066584e+01 1.642556918506366159e+01 1.642516647863323698e+01 1.643362756222561671e+01 1.639455005576476054e+01 1.641257388013507779e+01 1.642013507988910348e+01 1.643478683105125526e+01 1.640994399078340749e+01 1.643227241853171705e+01
1.642856746117148603e+01 1.643262815157206091e+01 1.646473386259759764e+01 1.642568826445369368e+01 1.640812247355262699e+01 1.640285985282472225e+01 1.641177849716601500e+01 1.639119313295892866e+01 1.642367465661837755e+01 1.644282396106798316e+01 1.640398538069490542e+01 1.643705578697591818e+01 1.641505227313037096e+01 1.642136921295101004e+01 1.643099250995339133e+01
1.645267192910448273e+01 1.642651796500143035e+01 1.641721802254095053e+01 1.642344431864295728e+01 1.639727321878153177e+01 1.640804403704753867e+01 1.642529029436135701e+01 1.644397832329223164e+01 1.642822122369236837e+01 1.642775463815164017e+01 1.643911311580871626e+01 1.641570949937183599e+01 1.642402709824005669e+01 1.642219346418357162e+01 1.641633819312949782e+01
1.643450041779172821e+01 1.642987709156688325e+01 1.642868949538093659e+01 1.641230126263465650e+01 1.641420301598459730e+01 1.641741549439040426e+01 1.641121024147485485e+01 1.643662624900683866e+01 1.641427268415664287e+01 1.641725814458721544e+01 1.642344369945681137e+01 1.641430808540312825e+01 1.642814414781222965e+01 1.643484224006563821e+01 1.642351772470853888e+01
1.641494350294519933e+01 1.640426841248577006e+01 1.641856347132589278e+01 1.642870391727154100e+01 1.643307438006389987e+01 1.642292622105190247e+01 1.641002832335895789e+01 1.640302013645615631e+01 1.641030209950863750e+01 1.642328925461029598e+01 1.643841138055309159e+01 1.642721372147729042e+01 1.644532752970661704e+01 1.641449468351839514e+01 1.642555437505848914e+01
1.641299357260679770e+01 1.640026995172407709e+01 1.643587263990081482e+01 1.642725780429768534e+01 1.642949043460821912e+01 1.644202867658988154e+01 1.642415342439522163e+01 1.643847074632636307e+01 1.641969784097835827e+01 1.643895714899252170e+01 1.644264286194343683e+01 1.642286044791329402e+01 1.641409166619025939e+01 1.640658553187952151e+01 1.641299710794593025e+01
1.639223481544625471e+01 1.640803354935371416e+01 1.643083599508674908e+01 1.642119826340594102e+01 1.641941785247858476e+01 1.644678154035976547e+01 1.642727695285562817e+01 1.642943995356289832e+01 1.641315208655451841e+01 1.643175749401776642e+01 1.642958929308827010e+01 1.640841204945030185e+01 1.643284685872961859e+01 1.640793224419919483e+01 1.642539334432924747e+01
1.642998699434970078e+01 1.641820318846814430e+01 1.644251609406065029e+01 1.642542942758434421e+01 1.641768176626865383e+01 1.642178752585757096e+01 1.641574016300389971e+01 1.641919314457844692e+01 1.641845936534035744e+01 1.640128985150437302e+01 1.643265348021596850e+01 1.642537476440842426e+01 1.642309146729605374e+01 1.642204559036185074e+01 1.641735635589110132e+01
1.643731351071339830e+01 1.642676264217790205e+01 1.644525358469678267e+01 1.642160373228684023e+01 1.642943991309685359e+01 1.644056152521238801e+01 1.642824339702899650e+01 1.642725031649876755e+01 1.640989600296446582e+01 1.642724731963746265e+01 1.642299954121574501e+01 1.643529436192144644e+01 1.641372635574779437e+01 1.641671682094699847e+01 1.643372535402649248e+01
1.641935172482313021e+01 1.643786972276120650e+01 1.640305947339354731e+01 1.641329152099867628e+01 1.643377549650606184e+01 1.641935327008040346e+01 1.642111207318847477e+01 1.642673183385410951e+01 1.645480780393463860e+01 1.642726471101765640e+01 1.643936151219924113e+01 1.642494998572226095e+01 1.643210726561867574e+01 1.643330728400693630e+01 1.643255272162744163e+01
1.642005402006876125e+01 1.642834479519942903e+01 1.641377601713604051e+01 1.643623281123793589e+01 1.641456365137284479e+01 1.642618565094970506e+01 1.641929261170599119e+01 1.641449700571242332e+01 1.641951281839663324e+01 1.642241959888804814e+01 1.640919873584685362e+01 1.641549890606865958e+01 1.644175996344711521e+01 1.642745360690006962e+01 1.641595335226912766e+01
1.642885808324496821e+01 1.640766402619795272e+01 1.643919333286057949e+01 1.644521117293924561e+01 1.641605060785663639e+01 1.643142292569913465e+01 1.644561861373522405e+01 1.644312941742399303e+01 1.642874623297633008e+01 1.642021561042637856e+01 1.644191692380709924e+01 1.642564791043327332e+01 1.640919320352686839e+01 1.642202036165139845e+01 1.642181730326164057e+01
1.640959339876467027e+01 1.642376410804223852e+01 1.642130122297162842e+01 1.641297974364177392e+01 1.640318782133572739e+01 1.643774821737343217e+01 1.641553498860011828e+01 1.641870320099462077e+01 1.644102370711062733e+01 1.639985061089861773e+01 1.642555717964823359e+01 1.641568013194756759e+01 1.644243317641904767e+01 1.644859293067742101e+01 1.641580368220347808e+01
1.641996427984721407e+01 1.641993904673988780e+01 1.639690587096021446e+01 1.642307781519307497e+01 1.642403664717135214e+01 1.644823412666054452e+01 1.642174145762356119e+01 1.641563178299467651e+01 1.642670460074889860e+01 1.640735054064927212e+01 1.643836793486704195e+01 1.642813267233169583e+01 1.643951828259471881e+01 1.640615704241469786e+01 1.640611346704150009e+01
1.641994104018298373e+01 1.643188078613092884e+01 1.642421976473001166e+01 1.642429490798759417e+01 1.643646422067919133e+01 1.644113636864265260e+01 1.642241946553174969e+01 1.643455414970838646e+01 1.642592642848848783e+01 1.643471251699405045e+01 1.641534606369568294e+01 1.641833794387210332e+01 1.641482038158293477e+01 1.645235549596278446e+01 1.642625579183804518e+01
1.643969813669741242e+01 1.642584802999922644e+01 1.642061734809362861e+01 1.643012371470960531e+01 1.643551397871000219e+01 1.642849854670191689e+01 1.641200874601418391e+01 1.641445119586105150e+01 1.643080705823433973e+01 1.642564323143005467e+01 1.643446642588219930e+01 1.640365629502294809e+01 1.640798091500899858e+01 1.644198461632952402e+01 1.645991515092264024e+01
1.639988244298488951e+01 1.642668532035855833e+01 1.642645881875135316e+01 1.644595417750713295e+01 1.640124807754991210e+01 1.641941511920121499e+01 1.639005744252457930e+01 1.642309977953017963e+01 1.642912711296135697e+01 1.642102951644687892e+01 1.643327282237802933e+01 1.644064783961309573e+01 1.642765361961210857e+01 1.643148164749014484e+01 1.640418144250676136e+01
1.643677625783685770e+01 1.643486052719256207e+01 1.643199666230864864e+01 1.642817702945263036e+01 1.645259274962470997e+01 1.642303251491534510e+01 1.641517896866653459e+01 1.642945667444298863e+01 1.643393533507720505e+01 1.640693891826614603e+01 1.641269294469862317e+01 1.640606017962691965e+01 1.643547526837548745e+01 1.643030300519770392e+01 1.644215217466296508e+01
1.644086260284019474e+01 1.642476939987456319e+01 1.643587771824613952e+01 1.642526624553240566e+01 1.643473382882739386e+01 1.644073200029377091e+01 1.642073479073908970e+01 1.642485352251794239e+01 1.643138238101662907e+01 1.643213903707549051e+01 1.643000776332357304e+01 1.644454557943901207e+01 1.642807059298126759e+01 1.642103518208077162e+01 1.641887625481441049e+01
1.644405716398588169e+01 1.643369120286745044e+01 1.640695302908603281e+01 1.642641663379095718e+01 1.643212977561304555e+01 1.642672689489899440e+01 1.640097720191077002e+01 1.640338988598942294e+01 1.645145304018021903e+01 1.645012303817118848e+01 1.643236875828839061e+01 1.641969280377346152e+01 1.646332673464529250e+01 1.643982937605096240e+01 1.644409561556519250e+01
1.642528437107897332e+01 1.641594897863744862e+01 1.642646057580195418e+01 1.644796531185770760e+01 1.642073286618586891e+01 1.641768669515861490e+01 1.642308789321061724e+01 1.640968727767216961e+01 1.641910586359800206e+01 1.640398528106222642e+01 1.639527152132490073e+01 1.639978625542421753e+01 1.640935449754188014e+01 1.642312841094972597e+01 1.642522918506093532e+01
1.642397362374094882e+01 1.640224995321547752e+01 1.640682506018616849e+01 1.642288629642318654e+01 1.644400531890578065e+01 1.641669669318045521e+01 1.640584676654220075e+01 1.641640250052969563e+01 1.643623310147452798e+01 1.643796980928975060e+01 1.640247193299131823e+01 1.643115094509492735e+01 1.641349392871532942e+01 1.643945613704351061e+01 1.644191724334208615e+01
1.644979694275756188e+01 1.641584767262038369e+01 1.642967991812543715e+01 1.644429542484961004e+01 1.642450952120588070e+01 1.640712621222437662e+01 1.640986433649865361e+01 1.642712181181109798e+01 1.643328079516053819e+01 1.642114046863133225e+01 1.641882434657195944e+01 1.641105227014196899e+01 1.642674783516567061e+01 1.643769180589848133e+01 1.642318426234795936e+01
1.641283600401034448e+01 1.643658816397381628e+01 1.644188697592734982e+01 1.644108946525836146e+01 1.641870532970357033e+01 1.641503406826074496e+01 1.642204365179466663e+01 1.642377566168005387e+01 1.641491859369602579e+01 1.641974991696229225e+01 1.641313195216801901e+01 1.642072797360940228e+01 1.642241410296457715e+01 1.640893099867895799e+01 1.640984827625975129e+01
1.640192467431020518e+01 1.642426973554297120e+01 1.641909244114753363e+01 1.640602519099833145e+01 1.641779847679314130e+01 1.639278520145357021e+01 1.640330351626667493e+01 1.642307344360687438e+01 1.644024570371660587e+01 1.641929289129590686e+01 1.641329156050088400e+01 1.642936342830190810e+01 1.641025150984771130e+01 1.642459863738560344e+01 1.642023901732877533e+01
1.644793770649307874e+01 1.643449734432679321e+01 1.641686214997391247e+01 1.641241880817085530e+01 1.642591897241432264e+01 1.641449682671623478e+01 1.642312814897543660e+01 1.642875349177141686e+01 1.641535908205080574e+01 1.640533775203662259e+01 1.642721386940232620e+01 1.642327216268690648e+01 1.641722134021003754e+01 1.643556937044296262e+01 1.642199197665905430e+01
1.640638935517072738e+01 1.642624348414233282e+01 1.644222717086817198e+01 1.643156766375593492e+01 1.641336233013489121e+01 1.643695696628889991e+01 1.641217767266000038e+01 1.643390200108038712e+01 1.640837233261802552e+01 1.641895981666464621e+01 1.644533698150526391e+01 1.643547484955279714e+01 1.643282328445627627e+01 1.643200596154505178e+01 1.640188655332324785e+01
1.640064184218732990e+01 1.643338165263558892e+01 1.642318547500844872e+01 1.641242400838243043e+01 1.641446890952620663e+01 1.641612208026275610e+01 1.643842994340334229e+01 1.642870382782940197e+01 1.642138983300344179e+01 1.642664935715529495e+01 1.642201327962292012e+01 1.643209285321950475e+01 1.645771657533466126e+01 1.642292512604036148e+01 1.643045436140240412e+01
1.641468731128704661e+01 1.643956760144498830e+01 1.642893659576753507e+01 1.642135725412003211e+01 1.642461973102340167e+01 1.641669357969130871e+01 1.640935412580427410e+01 1.640091256127065122e+01 1.643926129769606703e+01 1.642522892241517596e+01 1.641593314590021890e+01 1.641813791329193961e+01 1.642434587508411070e+01 1.642057380994840443e+01 1.643104923522361815e+01
1.642014586528848952e+01 1.642811279291129267e+01 1.642668614436266239e+01 1.640634715377624175e+01 1.642823566070074293e+01 1.641238681438775870e+01 1.640431480623434624e+01 1.643734581896762847e+01 1.640724811265900840e+01 1.643705452829732394e+01 1.642492824241537264e+01 1.644520120844727984e+01 1.641818665390123400e+01 1.643146250460736013e+01 1.642102294352908487e+01
1.642177403460837937e+01 1.640961866929810142e+01 1.642399965789781291e+01 1.640264055312300684e+01 1.642933661271707635e+01 1.643324842278966003e+01 1.641500650648558590e+01 1.644130042737189257e+01 1.641344240067657978e+01 1.641023584427778204e+01 1.641858558471428964e+01 1.639701791413686394e+01 1.641075966739149194e+01 1.641710285450707829e+01 1.642596400606599616e+01
1.642529772397874410e+01 1.642384875536271593e+01 1.641901434438823415e+01 1.642576875142720638e+01 1.641323102627391961e+01 1.641270739168748705e+01 1.640287398324094070e+01 1.639439922691333251e+01 1.641635353095529126e+01 1.642199464842195411e+01 1.640824844130005289e+01 1.642599673823880124e+01 1.641440032529479964e+01 1.643285669160510309e+01 1.642887034935026236e+01
1.644376622671857646e+01 1.641575265887590263e+01 1.642883179305136920e+01 1.642197933748870753e+01 1.643560035696446775e+01 1.639429526937544779e+01 1.644528888085540785e+01 1.641384239816628110e+01 1.641730668973947616e+01 1.642484418520298561e+01 1.643346968136975406e+01 1.641913802647473730e+01 1.642541938027061477e+01 1.638753924673770257e+01 1.641098308978327935e+01
1.641225116621078683e+01 1.642404914376153613e+01 1.642673222784444675e+01 1.643671680242417565e+01 1.641057138209257005e+01 1.642690395102718881e+01 1.641875876550232505e+01 1.641763004996365183e+01 1.642976378918967129e+01 1.640298611540214324e+01 1.642748288529934442e+01 1.642899658059492296e+01 1.642628422422024670e+01 1.643801031898199483e+01 1.642679103396681839e+01
1.642401377627992431e+01 1.643706980877463764e+01 1.641624507077253625e+01 1.644367074051159960e+01 1.643740411849392657e+01 1.644052875711891559e+01 1.643067367386868582e+01 1.643811800472103712e+01 1.640930643570332848e+01 1.642029574611076015e+01 1.642389223240964924e+01 1.640248490610897392e+01 1.641533673385760395e+01 1.643917543530384151e+01 1.642356734523519179e+01
1.640351369127296977e+01 1.641342218741462489e+01 1.643408330977867493e+01 1.645103210462485421e+01 1.643025694191845432e+01 1.641758596051480268e+01 1.643880474540673831e+01 1.641979913271920921e+01 1.642560313269700956e+01 1.640051630536553517e+01 1.643109637751583563e+01 1.643673629142050174e+01 1.640619773095874123e+01 1.640276421741669566e+01 1.643582507160024520e+01
1.641883892673772039e+01 1.641038860397350163e+01 1.643365355942013295e+01 1.643077250002207279e+01 1.644595596441071450e+01 1.639544007983322160e+01 1.643320186046760156e+01 1.644263742240326209e+01 1.640793681360407064e+01 1.642510149447398504e+01 1.644803784519839951e+01 1.640651528083308719e+01 1.641241890105971279e+01 1.642564543821440992e+01 1.640647832539306705e+01
1.642612881018522231e+01 1.642010993674545105e+01 1.643190166221506487e+01 1.642041278545398697e+01 1.645651208221217487e+01 1.642326678472181811e+01 1.641992082034107270e+01 1.643543040135974920e+01 1.640844389504828982e+01 1.644743074607576361e+01 1.643382960621690714e+01 1.642438339306788819e+01 1.642758482199776182e+01 1.641964065807741235e+01 1.642402855357346780e+01
1.643148523101828218e+01 1.642919725158280642e+01 1.642920378219987754e+01 1.642698141166795622e+01 1.642008427088131128e+01 1.640774742802372899e+01 1.641924318923029347e+01 1.642674221675724056e+01 1.642901044777471498e+01 1.644213735223578254e+01 1.642931395489058488e+01 1.647336336555187941e+01 1.642341105293484560e+01 1.643876256205115283e+01 1.644063216476786948e+01
1.641898058520207826e+01 1.644646899767845483e+01 1.641731797019002315e+01 1.640165004564438433e+01 1.643558506101173577e+01 1.641538180973495997e+01 1.639897576534023216e+01 1.642749467849843725e+01 1.640960242316842255e+01 1.640900705022271566e+01 1.643585519313565158e+01 1.643585720843099551e+01 1.641587543233438140e+01 1.644563696008398423e+01 1.643897858282831237e+01
1.643089814899530055e+01 1.642619881919355151e+01 1.641118095621664708e+01 1.642513616024890766e+01 1.641980117247838322e+01 1.642975242539664649e+01 1.642509628097330321e+01 1.643069403971430376e+01 1.642365762781408733e+01 1.641671157026976857e+01 1.642161877818445603e+01 1.644030810556345656e+01 1.641382188482725724e+01 1.640349658699638624e+01 1.643145991981315035e+01
1.642592258949642314e+01 1.639007090869720784e+01 1.642462721462825925e+01 1.642768876864565541e+01 1.642211663165929636e+01 1.642770413499277637e+01 1.644023037606216775e+01 1.642676235979981314e+01 1.640481266235037339e+01 1.641189341810120439e+01 1.643078958295095759e+01 1.642810376612465006e+01 1.639574669570090748e+01 1.644169641732707987e+01 1.644585162786085419e+01
1.642790921873024956e+01 1.643742893909777081e+01 1.642342183455243187e+01 1.641746536707891480e+01 1.641293057747479978e+01 1.643020486959078141e+01 1.641034243002238568e+01 1.641788082452645625e+01 1.643708942327564060e+01 1.642211998098147063e+01 1.643165869035961535e+01 1.641633566407765699e+01 1.643289254439931568e+01 1.642906920429875939e+01 1.643322215013812126e+01
1.640723081287537966e+01 1.642241995653903075e+01 1.643542375443560033e+01 1.643795703025690003e+01 1.641618590596466021e+01 1.640352772721408314e+01 1.643851748028292903e+01 1.640714494785412825e+01 1.642129881092215271e+01 1.641697690995656700e+01 1.640700956203799521e+01 1.643147947752973437e+01 1.644335702952064793e+01 1.643257451551502513e+01 1.640697723260105079e+01
1.641990552511103729e+01 1.644720287952964810e+01 1.642202751027952345e+01 1.641467180171975926e+01 1.639604901519832936e+01 1.641067838696304193e+01 1.640441035759471688e+01 1.644304611614858658e+01 1.645235755894745466e+01 1.641819901346500998e+01 1.640178616820891477e+01 1.643112201376305848e+01 1.642930736959804605e+01 1.640566687472903595e+01 1.642663573682877498e+01
1.643485541292283969e+01 1.641589382647482154e+01 1.641512212328348852e+01 1.643623511310991248e+01 1.643090529243158571e+01 1.641607428514811673e+01 1.641397892556955540e+01 1.642636430982069129e+01 1.643894548020879753e+01 1.642556533016566434e+01 1.642359302628554829e+01 1.642048926372625672e+01 1.641485250302990906e+01 1.641803233634194825e+01 1.642177633069934828e+01
1.641091870770132388e+01 1.642254674953935023e+01 1.643596804486092466e+01 1.639667991106708911e+01 1.640878356062769328e+01 1.642669351955475676e+01 1.641966957698696561e+01 1.639366541749072681e+01 1.643107039114523005e+01 1.642928525980529741e+01 1.643897245819810138e+01 1.644029901604062260e+01 1.643159058306886777e+01 1.641999526414308974e+01 1.640416800694673327e+01
