1.152003972871264459e+01 1.147141995271680059e+01 1.154443099557755836e+01 1.171501109844116328e+01 1.152662807626716557e+01 1.174220821368869672e+01 1.150765045967954947e+01 1.162539267639336416e+01 1.154116148768934025e+01 1.155115605791257316e+01 1.144558377640177582e+01 1.147742914887326648e+01 1.158446234801202657e+01 1.147662379225161899e+01 1.147503512151771865e+01
1.150998252124998800e+01 1.146636292838596560e+01 1.155667701804549452e+01 1.172946154302654342e+01 1.156318053380177169e+01 1.174870931785487471e+01 1.147229714366041442e+01 1.162211653489638152e+01 1.155990742732377008e+01 1.155735938786690298e+01 1.144432689073217979e+01 1.144203135433286000e+01 1.156855917201240480e+01 1.145814543880714176e+01 1.145543791078863194e+01
1.152886230353473707e+01 1.147222397406782335e+01 1.155014289627017376e+01 1.179267959151304623e+01 1.161828901415396764e+01 1.181357288940771078e+01 1.149868028145425392e+01 1.162252554425067608e+01 1.156286073480329257e+01 1.154565472159862338e+01 1.149413261756313176e+01 1.147363856856574671e+01 1.155567237167151440e+01 1.149625461496504109e+01 1.146772520025517039e+01
1.152241894595201899e+01 1.147193514352705535e+01 1.156178057331547393e+01 1.178971966998289922e+01 1.161089950119716185e+01 1.181091770568520261e+01 1.147075460529752888e+01 1.160794964965236709e+01 1.155328994828340861e+01 1.154692404440534581e+01 1.148373087300962325e+01 1.146704582998198241e+01 1.151294236752039879e+01 1.148026584194711219e+01 1.147692467409947348e+01
1.147004929183544597e+01 1.143898104210371791e+01 1.154059612138716950e+01 1.174643635423006316e+01 1.157343406291568222e+01 1.181549557267709361e+01 1.144930165690937329e+01 1.157372716277619418e+01 1.153911566222078555e+01 1.150292040320071685e+01 1.147384670919497829e+01 1.143556971613701378e+01 1.148607500428221506e+01 1.144680122532296629e+01 1.143452244468839929e+01
1.154280200556560132e+01 1.149864042115227036e+01 1.158615337157435476e+01 1.178242837412078181e+01 1.162620296112173790e+01 1.180988278413359893e+01 1.150513765452211068e+01 1.164214397009594215e+01 1.160827196158538754e+01 1.160331203020948010e+01 1.149773016927750469e+01 1.149578591164864250e+01 1.156530749543875913e+01 1.150704713584084260e+01 1.149620292905537866e+01
1.145224153518474886e+01 1.142172747544417888e+01 1.149451092528860663e+01 1.167246337505698506e+01 1.155522236267507630e+01 1.173818258155179173e+01 1.141046648967718724e+01 1.151392931348432569e+01 1.152667202843806749e+01 1.151207826624375841e+01 1.141728618406004969e+01 1.139537126942431300e+01 1.145043411088131613e+01 1.144509860453501027e+01 1.139453614866417297e+01
1.140483276682981284e+01 1.138105454924241222e+01 1.139042829287706482e+01 1.161759309799589168e+01 1.153997646008776634e+01 1.179338651648622793e+01 1.135466155710030201e+01 1.151283947649714889e+01 1.141254215250087434e+01 1.143444078019115651e+01 1.139282514485925546e+01 1.136722069109713296e+01 1.140158055887396493e+01 1.139299537679287511e+01 1.136788818806080492e+01
1.147462808311781046e+01 1.146360351666163169e+01 1.149634926399591528e+01 1.171761069703725333e+01 1.156385537271699882e+01 1.178772428036581132e+01 1.146972511750418455e+01 1.159397223122673282e+01 1.150640742172912034e+01 1.149227178565547725e+01 1.142720336117395519e+01 1.144164145301692592e+01 1.152827266826847108e+01 1.146451067420668579e+01 1.143546056100931096e+01
1.153212117815855464e+01 1.146487383809501992e+01 1.155475052074842957e+01 1.180552594731633498e+01 1.162613052910317002e+01 1.183726904649367384e+01 1.151093135740638296e+01 1.161289323071555479e+01 1.158877688325056887e+01 1.156822863662019962e+01 1.149480436219366908e+01 1.148469952629829471e+01 1.152669352128341629e+01 1.150747869796991374e+01 1.147486222320619120e+01
1.147671296921957129e+01 1.144278139070345013e+01 1.152618848582249633e+01 1.177034992991551299e+01 1.157371664853227600e+01 1.180299667231486715e+01 1.144594349398594879e+01 1.156763370474367214e+01 1.154302875442222742e+01 1.153116696014135734e+01 1.146597726281556007e+01 1.143098075166454919e+01 1.148561122909826793e+01 1.145912439151926776e+01 1.142563297666703015e+01
1.149803583653186223e+01 1.147208134319444639e+01 1.150767840813932708e+01 1.172145740008317105e+01 1.151490714614847377e+01 1.171613541328962427e+01 1.145684178988357083e+01 1.159142357069972817e+01 1.153012367370411262e+01 1.155644761209571136e+01 1.144763418961479928e+01 1.143579760784554722e+01 1.152215782544830702e+01 1.147324710075045928e+01 1.144779463708946210e+01
1.151390344292057932e+01 1.147181873004463526e+01 1.151370124971324671e+01 1.169111089247088664e+01 1.154177934470211753e+01 1.173645881426913995e+01 1.147595598381978199e+01 1.158657153086231517e+01 1.153359281414706317e+01 1.152325306705609265e+01 1.140377427455410952e+01 1.142457746212775227e+01 1.152190566592587295e+01 1.145916562487570367e+01 1.144910009589546007e+01
1.149402011904172127e+01 1.146396029261195615e+01 1.152803329158557766e+01 1.172215516367808341e+01 1.154117039785669618e+01 1.174848397090605268e+01 1.145595259173411051e+01 1.161145454702487534e+01 1.151955270135393938e+01 1.157117558975348537e+01 1.142298320464764139e+01 1.141971418862318188e+01 1.155001529790967929e+01 1.143960788367469483e+01 1.146354259553320887e+01
1.153287957158841870e+01 1.148609828466801197e+01 1.152614894138251955e+01 1.172987812401395402e+01 1.156214344146394879e+01 1.175012531676436112e+01 1.148408680945500393e+01 1.165856055249172485e+01 1.151893844000150580e+01 1.155115014457124012e+01 1.145911331694301083e+01 1.147636548318287275e+01 1.157930389280836359e+01 1.147527088386658889e+01 1.148364899361768821e+01
1.153502222351401407e+01 1.149967628058783120e+01 1.150560935831633813e+01 1.173620562545244361e+01 1.152279452295082507e+01 1.176332020358524844e+01 1.147943538441356814e+01 1.164780333079396613e+01 1.150947733964773256e+01 1.154210868463910877e+01 1.142837226612421020e+01 1.147196657536235342e+01 1.157663648194944983e+01 1.148070763313818787e+01 1.146583757596170372e+01
1.148511474206059368e+01 1.145990448296607767e+01 1.153321294202194025e+01 1.173873222143258310e+01 1.151920038170317362e+01 1.171083749445809730e+01 1.145754473541478191e+01 1.161026832680106224e+01 1.154521275884255616e+01 1.150264957594762016e+01 1.144372908495714114e+01 1.143599470741547464e+01 1.152856912515532350e+01 1.146317783972045667e+01 1.144293685078237743e+01
1.146854011186148448e+01 1.143472965065654279e+01 1.152638073734627966e+01 1.173394103600678662e+01 1.153067265241675976e+01 1.175453196127132571e+01 1.144849389716891608e+01 1.156793542995656487e+01 1.153424629460258011e+01 1.153589677028813654e+01 1.140563245068108067e+01 1.141049099414058077e+01 1.149868166402744940e+01 1.141304297667298329e+01 1.142036915133240527e+01
1.147107053801462229e+01 1.145720048706899874e+01 1.153036949074597040e+01 1.173496013987449871e+01 1.154175825407390654e+01 1.171161468916199766e+01 1.143796802466634510e+01 1.157885898192572682e+01 1.154536616117854386e+01 1.153419818307592415e+01 1.145448341364016898e+01 1.143803797450130766e+01 1.153035389574667136e+01 1.146053139384820696e+01 1.145703683277376150e+01
1.148258162323012321e+01 1.145613907399928699e+01 1.150863704816949706e+01 1.174688978313732513e+01 1.157103803815647325e+01 1.176550775283794259e+01 1.145892734560237081e+01 1.158004948478938623e+01 1.153229333027283765e+01 1.153580902119689711e+01 1.144813888100580712e+01 1.142199653949945670e+01 1.152216593432962100e+01 1.142673629029483706e+01 1.144209112401145667e+01
1.151453742103725908e+01 1.146362365192480048e+01 1.152249187837781186e+01 1.175972466210768630e+01 1.157254639864103574e+01 1.176588531002522764e+01 1.147041184341608222e+01 1.158684826329901973e+01 1.155236783579149318e+01 1.151296718018839549e+01 1.145072934353798466e+01 1.144305348649151632e+01 1.152529718273304837e+01 1.147995079866895729e+01 1.146137583292755835e+01
1.151221231794704813e+01 1.147197352178906549e+01 1.152127155807568037e+01 1.173504922282401886e+01 1.154569163746742966e+01 1.177422639512557723e+01 1.149300089350177423e+01 1.161937884813751687e+01 1.153035917768464635e+01 1.155064158204031699e+01 1.145045835808732626e+01 1.145564977717194388e+01 1.155296349919509602e+01 1.148512186887509756e+01 1.147173957582493564e+01
1.151460688335501281e+01 1.147907295634109737e+01 1.153898683529680369e+01 1.177870830555396964e+01 1.156889527765894954e+01 1.176780559631366785e+01 1.148819059255762731e+01 1.161332346182211950e+01 1.156722764260379499e+01 1.154702791971485887e+01 1.148296832361010722e+01 1.146040912253318034e+01 1.154424618259264790e+01 1.147779958878787276e+01 1.145902180761728673e+01
1.148972036413314335e+01 1.148937364188890520e+01 1.151360044808710903e+01 1.169482825216046606e+01 1.153687031521704753e+01 1.175338794018502853e+01 1.144516684756824887e+01 1.158486521300511285e+01 1.151013193229214515e+01 1.153661529292407373e+01 1.144465356250954535e+01 1.145215727771306469e+01 1.150857797849145570e+01 1.149260646608046343e+01 1.146394239390505909e+01
1.146069232377830360e+01 1.141385467330064074e+01 1.148619116308309174e+01 1.169734101754568378e+01 1.149508540966244219e+01 1.171345184709251797e+01 1.143839430449016525e+01 1.155287165072475908e+01 1.147702542997792463e+01 1.150939635841101705e+01 1.139582927669560597e+01 1.140341207575679761e+01 1.147431445227259950e+01 1.141295863292108415e+01 1.141240263220762863e+01
1.145553234861281489e+01 1.144109860808560164e+01 1.150069786320232446e+01 1.172492994459032012e+01 1.155400383032823086e+01 1.174095463185879673e+01 1.143856910119887260e+01 1.154935160786772563e+01 1.148744339680503757e+01 1.151049124261851553e+01 1.143508747567320327e+01 1.140815627103387264e+01 1.150125503783518432e+01 1.142683257825712140e+01 1.141508466915597175e+01
1.147626613856262878e+01 1.147053643027260073e+01 1.151922238519996178e+01 1.178142536294512333e+01 1.155596271196499814e+01 1.175246414434970710e+01 1.146264649526253088e+01 1.157854235607972981e+01 1.154596751963201129e+01 1.153408163484099269e+01 1.144392901472247992e+01 1.142560880150496239e+01 1.150757172441842613e+01 1.145758571664019243e+01 1.145319332284710079e+01
1.149053714146181804e+01 1.145442822066849153e+01 1.154449582671295715e+01 1.180050751494438366e+01 1.154648545337778387e+01 1.174398701759357522e+01 1.145187210945420908e+01 1.155086594302171044e+01 1.156777744382404727e+01 1.151357846742352997e+01 1.145637146276558482e+01 1.142357948760560937e+01 1.149920479775985171e+01 1.144532272648705096e+01 1.141768201826604390e+01
1.149030062670182062e+01 1.146857545128022515e+01 1.149932218061552014e+01 1.171919988055667616e+01 1.153905332478575296e+01 1.177118735311774778e+01 1.147378435562631260e+01 1.161102838481037836e+01 1.151319545597999117e+01 1.152320373589515334e+01 1.143386488594046391e+01 1.142983089010112607e+01 1.153906430625089818e+01 1.143884730346663048e+01 1.143207462041373645e+01
1.154606692699847947e+01 1.147443172123573163e+01 1.154795965558473192e+01 1.178125305192622818e+01 1.163523622337055130e+01 1.180984484843268767e+01 1.153010631193864910e+01 1.162389451249693018e+01 1.158157555537579597e+01 1.155937273089278605e+01 1.149185812784836713e+01 1.149001134361539123e+01 1.156180884946831355e+01 1.149921402130860137e+01 1.148699238087536045e+01
1.151700063514999073e+01 1.150479765832651502e+01 1.151412304456123259e+01 1.175448421982128089e+01 1.157451585668322913e+01 1.176789010383070888e+01 1.149571257866934992e+01 1.163031462425455764e+01 1.153373373759039922e+01 1.156784808064361059e+01 1.145316151243234870e+01 1.146421041109680061e+01 1.156537799496410912e+01 1.148740985107202306e+01 1.146970148391034350e+01
1.148535663075341162e+01 1.146410433676898322e+01 1.151600911250165815e+01 1.176061840150576998e+01 1.160582043812699915e+01 1.182583600345625463e+01 1.148016815143959413e+01 1.161079490382560131e+01 1.153864241270907876e+01 1.152928087599237728e+01 1.144648149767325407e+01 1.145369589668063348e+01 1.153817163529343581e+01 1.145587034231493639e+01 1.145104482197900708e+01
1.150043926782326409e+01 1.144753298606350533e+01 1.152989892172198161e+01 1.173624428689788424e+01 1.153639047999819311e+01 1.173346171207822586e+01 1.146905280432529928e+01 1.158441389103794172e+01 1.157539281863649805e+01 1.156163011211955371e+01 1.143627344855801375e+01 1.143411272170355453e+01 1.151061464075738172e+01 1.145875026669947516e+01 1.144990552905494496e+01
1.155434581380794867e+01 1.152897757088827113e+01 1.157950626122705096e+01 1.183302074701100004e+01 1.167631357587589847e+01 1.184229668417840919e+01 1.153043278748284983e+01 1.168919773897394698e+01 1.162459892802557349e+01 1.159414662471666446e+01 1.153554568615872000e+01 1.151895760710658934e+01 1.159473144665617284e+01 1.151052513166341384e+01 1.152195266285620256e+01
1.151979681734622218e+01 1.148992914528099085e+01 1.155636061335651199e+01 1.173326849574508479e+01 1.160911156542976563e+01 1.183328678913730592e+01 1.147657849065006275e+01 1.164668116320699198e+01 1.154817977963106124e+01 1.154273428409905655e+01 1.147363931674682647e+01 1.147943269358533414e+01 1.157468054036250393e+01 1.147640701543404340e+01 1.148582618418054402e+01
1.139549350548085904e+01 1.142010915705844631e+01 1.149976619223635765e+01 1.168459347767685941e+01 1.150380730813816044e+01 1.172587104443344330e+01 1.140229486705707096e+01 1.153624889028944445e+01 1.148344479838532273e+01 1.142448072541917803e+01 1.141371988395756354e+01 1.136912651625457649e+01 1.145895738777381112e+01 1.140035388056284127e+01 1.138082750336824844e+01
1.147701818326272516e+01 1.143526999819812140e+01 1.151099405948756171e+01 1.171419034440757656e+01 1.157437879673020653e+01 1.177793224538400807e+01 1.144170198866460630e+01 1.157072169909048220e+01 1.152816423472678231e+01 1.150198128971806888e+01 1.144557498128231998e+01 1.142772280694870801e+01 1.150833834980351966e+01 1.145345886739530883e+01 1.143360289994838119e+01
1.160558018491691001e+01 1.154621969000127635e+01 1.158515238454486607e+01 1.187880104806969861e+01 1.171098309389450520e+01 1.181978912152828798e+01 1.157591405251442218e+01 1.168773800903388960e+01 1.162222660676502528e+01 1.160952501758831090e+01 1.157560178326606426e+01 1.153939627262216483e+01 1.160009186583092955e+01 1.154913760403487188e+01 1.153186502511393385e+01
1.152103959195297733e+01 1.148779377908006438e+01 1.153124877404030357e+01 1.178785987807245306e+01 1.166198592607015172e+01 1.182978121578456410e+01 1.148620762527874462e+01 1.161423426356003574e+01 1.156376429917994564e+01 1.155584887479668232e+01 1.148582855432992389e+01 1.146817208183978565e+01 1.152595695662111375e+01 1.149072072070255501e+01 1.147462938665132981e+01
1.152372492810746429e+01 1.149647056490452535e+01 1.151977359028117753e+01 1.176487087195342696e+01 1.163856667852597759e+01 1.180602689672130268e+01 1.149968515958343929e+01 1.164511815781267323e+01 1.154485444331500510e+01 1.155797628785797926e+01 1.149453985807999779e+01 1.147538468339974749e+01 1.157431989740462797e+01 1.148886423030176296e+01 1.147981392454242666e+01
1.148828976003478708e+01 1.146135263604958787e+01 1.156913732492945890e+01 1.173482731015228886e+01 1.153769750607167843e+01 1.176924497114740120e+01 1.147826394724599197e+01 1.160567426385432022e+01 1.156663814152810410e+01 1.151089617325076020e+01 1.146618607965174341e+01 1.146358832115051740e+01 1.154355111757323193e+01 1.147911834711875656e+01 1.145680518564140193e+01
1.147916650011768880e+01 1.146320924989748669e+01 1.153311705070772852e+01 1.174041278306201441e+01 1.154619613069182549e+01 1.176525278485542536e+01 1.144180593953123903e+01 1.158888979405040587e+01 1.152646067364592319e+01 1.153705104201276122e+01 1.145865052994486533e+01 1.143216429896622977e+01 1.151053688560364918e+01 1.144972159698573222e+01 1.146055849737421894e+01
1.133103277759084193e+01 1.130530241007006964e+01 1.133715529317129622e+01 1.154651959734195898e+01 1.149885614308968762e+01 1.174662015647585100e+01 1.131628362446169334e+01 1.135970436357509605e+01 1.139489306209381070e+01 1.134820686196551165e+01 1.137851553930333459e+01 1.129548542872959693e+01 1.135533012039590517e+01 1.136546419826800225e+01 1.128500301255783711e+01
1.145211081262073805e+01 1.145441655337273978e+01 1.153908751536255650e+01 1.173525004345504996e+01 1.154605713337915063e+01 1.175876358268053146e+01 1.143126715414820183e+01 1.158317011310820277e+01 1.153433207708249597e+01 1.153577433712252187e+01 1.144661725176372080e+01 1.143297417791839621e+01 1.151385862153150619e+01 1.145917373658272531e+01 1.144126686036788954e+01
1.144991997249753268e+01 1.142838992615732963e+01 1.148695957353961461e+01 1.170709894915427896e+01 1.157879323402525173e+01 1.175789487847005788e+01 1.143378615018313305e+01 1.152116599758214477e+01 1.148239828454918410e+01 1.151611730040203163e+01 1.141723479546986120e+01 1.141077052213879206e+01 1.146554882348041282e+01 1.142743655818690662e+01 1.140655616051729204e+01
1.152579926582943770e+01 1.145077859947876142e+01 1.155305062239876612e+01 1.181545366122941942e+01 1.164538375683150839e+01 1.176019215710341648e+01 1.148988390624079692e+01 1.162109592554208248e+01 1.159251935118375698e+01 1.157459911798349239e+01 1.149588047241726585e+01 1.145387599520075739e+01 1.151897959719582332e+01 1.146276594485364342e+01 1.144151276865159872e+01
1.145973853343912374e+01 1.143049233787941965e+01 1.146857281208634305e+01 1.171324447670100533e+01 1.150106689401220095e+01 1.167619934070524756e+01 1.143125113655076852e+01 1.154533947814882922e+01 1.149680494458564439e+01 1.150666177147317626e+01 1.142115494951472066e+01 1.140356653041507684e+01 1.148288852357816481e+01 1.142634066801366544e+01 1.140082684057740359e+01
1.136084173098003092e+01 1.135130322966357319e+01 1.142573713002466640e+01 1.162037586241244469e+01 1.148376969354812616e+01 1.167618168420542624e+01 1.133735892043151061e+01 1.147403619394621188e+01 1.141792436043643555e+01 1.153887117895188297e+01 1.133723343977799125e+01 1.130614333031380170e+01 1.141171880960063234e+01 1.130684355095885074e+01 1.133410335296684046e+01
1.147482607696886170e+01 1.143359449202790579e+01 1.149372053963704055e+01 1.171170597020243420e+01 1.159387223274299572e+01 1.179460435416004316e+01 1.146853879002940069e+01 1.158615935941871733e+01 1.151186481619896007e+01 1.150430128625220405e+01 1.145388040422736431e+01 1.143326813889429872e+01 1.152380333781660049e+01 1.145100037448536057e+01 1.143974443173761379e+01
1.151135687412351061e+01 1.145252022442365636e+01 1.153727617441804831e+01 1.178977036460475958e+01 1.161554165669767436e+01 1.176907053907428846e+01 1.147361262219607525e+01 1.159406722547688950e+01 1.156883453816830531e+01 1.155397550477359125e+01 1.150878023990651045e+01 1.144542548379188673e+01 1.152075949999554894e+01 1.147107100906173471e+01 1.144228789330000673e+01
1.148444545946477469e+01 1.146108602786383912e+01 1.148940546078554092e+01 1.171819069265476010e+01 1.159311416403434691e+01 1.180903850257457144e+01 1.145802314629416863e+01 1.158876559818590835e+01 1.151521540787983966e+01 1.147496301766053683e+01 1.143412621376682736e+01 1.145463899448743206e+01 1.151871873062621177e+01 1.146473546965158974e+01 1.143881477735073204e+01
1.147526646848294085e+01 1.145544291583300911e+01 1.149360671954876700e+01 1.171307230622616125e+01 1.152984596752966340e+01 1.171603890836290951e+01 1.144840752815917462e+01 1.154106887383795588e+01 1.150455872695570569e+01 1.153266780551669157e+01 1.144254888002347670e+01 1.142856662856314109e+01 1.149060976859665040e+01 1.146239657472457729e+01 1.142121478331913487e+01
1.149945130878722388e+01 1.144901883046135183e+01 1.151610564662407654e+01 1.172606907185805269e+01 1.164068707818292125e+01 1.179911024773511841e+01 1.146446151088234799e+01 1.158384242566435240e+01 1.152031679555167365e+01 1.149109019078360383e+01 1.143733442509826226e+01 1.143869323087816881e+01 1.152761427118784177e+01 1.146322140696773140e+01 1.145305349947083862e+01
1.151661329620739238e+01 1.146755632120336266e+01 1.155260394953527125e+01 1.183024612323053049e+01 1.165735660033181453e+01 1.178690905997572358e+01 1.147415332072266203e+01 1.161409663483447119e+01 1.159592547514936101e+01 1.154347672361211075e+01 1.149560078584264744e+01 1.146270085958411045e+01 1.151904761047445547e+01 1.147416001190614310e+01 1.146135447781165695e+01
1.134703866547185491e+01 1.130113242713355426e+01 1.132074641852132402e+01 1.153649110888096985e+01 1.149837402676235065e+01 1.169894344054017488e+01 1.133718990534361026e+01 1.135734275057448350e+01 1.133324521749841196e+01 1.135955951073167114e+01 1.132451300793935189e+01 1.128815009024648219e+01 1.135248743417388795e+01 1.136634064505867237e+01 1.128291221756787444e+01
1.145083184354590244e+01 1.143596546654581836e+01 1.148065310633904978e+01 1.171506574084130037e+01 1.154402642086457753e+01 1.173096597660948959e+01 1.141442449800519299e+01 1.156792949524694336e+01 1.150808179002680198e+01 1.154242729897913655e+01 1.142331706375967926e+01 1.140579485777735336e+01 1.151203459560430531e+01 1.141668115169038700e+01 1.140932171900232461e+01
1.149257557687539233e+01 1.145600660711865260e+01 1.146178192051942446e+01 1.170523246980864052e+01 1.160885446284349243e+01 1.179695795800983760e+01 1.146992053549413448e+01 1.161354951422861959e+01 1.148517719091419664e+01 1.149253498077048796e+01 1.143400861517476308e+01 1.144216230033943837e+01 1.154277686229434075e+01 1.144717577458702529e+01 1.142933984758473720e+01
1.151781425161169992e+01 1.147173905189560017e+01 1.151621841482991471e+01 1.180697166107043117e+01 1.162634493954013237e+01 1.172756080960038005e+01 1.147708444898034053e+01 1.159533539794400880e+01 1.154350976738214740e+01 1.152142787485437658e+01 1.151237705561094948e+01 1.145743113480060771e+01 1.151402089685088193e+01 1.146692628090284316e+01 1.146475316694492541e+01
1.148586710982702641e+01 1.139636956348340746e+01 1.141673028168051118e+01 1.165497456163217116e+01 1.154734137531490212e+01 1.174148350173304856e+01 1.142906667108532659e+01 1.160944356207589401e+01 1.144557182326093070e+01 1.147094771417504155e+01 1.134651203835758437e+01 1.141335196595034773e+01 1.152800957936570470e+01 1.140926572372465841e+01 1.140621959876185798e+01
1.138101525026982053e+01 1.132434335067928366e+01 1.140934018276868045e+01 1.162583483404634066e+01 1.138430643236928397e+01 1.150141296542817138e+01 1.138435388004918103e+01 1.142961601123188053e+01 1.141807666599806659e+01 1.136657729408126727e+01 1.134032536231950239e+01 1.134225271879782682e+01 1.143047413135407275e+01 1.138260268365251804e+01 1.133590598837901808e+01
1.148218153679339970e+01 1.145046619643625974e+01 1.148872246242829931e+01 1.170124410185003505e+01 1.152593328824870689e+01 1.173897693604658521e+01 1.142640964929238301e+01 1.156135624473700396e+01 1.148047160912182640e+01 1.145588824844946529e+01 1.144306680616867311e+01 1.139876500393029701e+01 1.150981498707690065e+01 1.142634291739707919e+01 1.143572530363623763e+01
1.156456054999688021e+01 1.150255344581637829e+01 1.149704987606412665e+01 1.182309703459459271e+01 1.162186158499347677e+01 1.173483518617612198e+01 1.153794005997346872e+01 1.161753462334022657e+01 1.151514768597210470e+01 1.150961802759147012e+01 1.150579382292245789e+01 1.145559524771092086e+01 1.154238707346170223e+01 1.147952715964421877e+01 1.146097475812434219e+01
1.137199264212777372e+01 1.133823016652448246e+01 1.144942089469117263e+01 1.162190925899087190e+01 1.146784152525097511e+01 1.168340936745824798e+01 1.135730399675168911e+01 1.148601156827697167e+01 1.142750349124798959e+01 1.135130926842253274e+01 1.136233190632558809e+01 1.136683971881485178e+01 1.142160375844724918e+01 1.137151819563897348e+01 1.135097041450723587e+01
1.145973722103590298e+01 1.144175655781158163e+01 1.147210845291840897e+01 1.170200001144583624e+01 1.153561099567570025e+01 1.173862649850943995e+01 1.140246028668875944e+01 1.157595966589765091e+01 1.147756260150467256e+01 1.149137501718051269e+01 1.139768211997020764e+01 1.141152355130835616e+01 1.150031940650320195e+01 1.141988009073563326e+01 1.140080794142311937e+01
1.144497245113011452e+01 1.141683489718514899e+01 1.145558651529112204e+01 1.168951529055132177e+01 1.154139744787059563e+01 1.176488999383427370e+01 1.140751383407031128e+01 1.156420145377535391e+01 1.147888538657085178e+01 1.146582549197493073e+01 1.141388313957751066e+01 1.138311972755477264e+01 1.148974136530188517e+01 1.141164731850065728e+01 1.140453960066420436e+01
1.149544443471132737e+01 1.145006526172977424e+01 1.147622615136092072e+01 1.180473019869946327e+01 1.158759713675093295e+01 1.173311188860569665e+01 1.145608103567554004e+01 1.159656924421840252e+01 1.152594636916910353e+01 1.149581213785234901e+01 1.145852901988603278e+01 1.145049768765207965e+01 1.149902503486650218e+01 1.143731611646908064e+01 1.143473573498441631e+01
1.145775859849072198e+01 1.142217331211125142e+01 1.146978774690115266e+01 1.168654494944541966e+01 1.152472393696200292e+01 1.174027222413383242e+01 1.142074225819870570e+01 1.155560223118834173e+01 1.148523187070436968e+01 1.146749408518025959e+01 1.139766343085263678e+01 1.140485286333331771e+01 1.149115274053749225e+01 1.141875484461277779e+01 1.141150083206279398e+01
1.141961774971060173e+01 1.142409131326027705e+01 1.148952489329928639e+01 1.169912333563181406e+01 1.147886889542432165e+01 1.166904891666317212e+01 1.142307649939480285e+01 1.153737251733414482e+01 1.148359612728256351e+01 1.149062219033759469e+01 1.140296554018555319e+01 1.139501027532210387e+01 1.147863066415949440e+01 1.140345878744435737e+01 1.140401376109884701e+01
1.144438491181545459e+01 1.141817113340786349e+01 1.152085072113772668e+01 1.171313689656570567e+01 1.152866868711410930e+01 1.175081034660351698e+01 1.141385740502756185e+01 1.156859849011787134e+01 1.152781467797172787e+01 1.148077699674062835e+01 1.142018635375278812e+01 1.142817885559676938e+01 1.148482721570430165e+01 1.143877762708947721e+01 1.141660639721299297e+01
1.152296676715223356e+01 1.145649085700080150e+01 1.154770316615466008e+01 1.182003847352989467e+01 1.161584679643767437e+01 1.175081941468924462e+01 1.147612734476099483e+01 1.161342790392859570e+01 1.158419618221604530e+01 1.153648173552051581e+01 1.146747596226811794e+01 1.144360248845219807e+01 1.153212532833406989e+01 1.146311078991497290e+01 1.144586923503667286e+01
1.146173219131762799e+01 1.143424346811362646e+01 1.151794945700026496e+01 1.171833675327749447e+01 1.154463193577936053e+01 1.172653553305389806e+01 1.142930329100843068e+01 1.154725207275090781e+01 1.153437326722920986e+01 1.148644036036245275e+01 1.142179929287856766e+01 1.141384707314736957e+01 1.147493945343827626e+01 1.143417844922939608e+01 1.141765800672038900e+01
1.146685764447784450e+01 1.142795404360616551e+01 1.147733586644609538e+01 1.171522654484783743e+01 1.150209190893912492e+01 1.168844175289316745e+01 1.142853375298282081e+01 1.156828291065547631e+01 1.149311754525330542e+01 1.150070435228081145e+01 1.141101851957694358e+01 1.139546093778293034e+01 1.149507755028970024e+01 1.140675234403737015e+01 1.141453039555854865e+01
1.140948810232832145e+01 1.137007388118696838e+01 1.143442110304676085e+01 1.166928993581089991e+01 1.153000489837967635e+01 1.168998454372711215e+01 1.139825685621760343e+01 1.151340119488913771e+01 1.144261739798976230e+01 1.141321635365016185e+01 1.138864540118058422e+01 1.131501430154181875e+01 1.141878166890889368e+01 1.136556236113380969e+01 1.136604419734103111e+01
1.142209242582166873e+01 1.139185837958378578e+01 1.145980306928988313e+01 1.174821396262485607e+01 1.154100196396080236e+01 1.170750902841417762e+01 1.140356656878928021e+01 1.152242606652920465e+01 1.150473719794844385e+01 1.145527658862450338e+01 1.142007745987940659e+01 1.136387071828686679e+01 1.145596103559176804e+01 1.138629464863779361e+01 1.137229388315450329e+01
1.140739416250513649e+01 1.132403448076862595e+01 1.143678881677781689e+01 1.164864319021453731e+01 1.147748529885878987e+01 1.166615591124749329e+01 1.137223766251710799e+01 1.148042546794368945e+01 1.144437026513100975e+01 1.145094689102591978e+01 1.133924819415199181e+01 1.134475859556256516e+01 1.141849112556987933e+01 1.136389716962163021e+01 1.132926900021276317e+01
1.138403453983391422e+01 1.139525848967369726e+01 1.141613489037153251e+01 1.163836110909272747e+01 1.147141803743075528e+01 1.165758725868364820e+01 1.135987373251355770e+01 1.150652204158134673e+01 1.143457756128761993e+01 1.143073768049340622e+01 1.133943241960210280e+01 1.135318689443600171e+01 1.144169388464662340e+01 1.134617888643710160e+01 1.138414450515604948e+01
1.146243459888141025e+01 1.144367298461564353e+01 1.148505855982042334e+01 1.170680696863106540e+01 1.156772341151093286e+01 1.175898781024780426e+01 1.146507831284069923e+01 1.158122126294123433e+01 1.149372024528540592e+01 1.150772984911179719e+01 1.145863507088544608e+01 1.144183075334149180e+01 1.152266936103858619e+01 1.144694003456273634e+01 1.143873635911800690e+01
1.153484735050018450e+01 1.145838999329366636e+01 1.151101204326864647e+01 1.178145924769737540e+01 1.160414810584519962e+01 1.177947369201650396e+01 1.147055578638054207e+01 1.161224131667097659e+01 1.154186977885016141e+01 1.151639437274213407e+01 1.145086296190147301e+01 1.144577721707971385e+01 1.152803235616162247e+01 1.145596230652586556e+01 1.144507051186995916e+01
1.144632048560021609e+01 1.142449404145054714e+01 1.140781055992886195e+01 1.166218728379553582e+01 1.154554700686472657e+01 1.172645410126033916e+01 1.140440416229264287e+01 1.158872915445235918e+01 1.144353248788778998e+01 1.144364070616975049e+01 1.135905703607209993e+01 1.138460198139429380e+01 1.148109007410316273e+01 1.139310532389415087e+01 1.140159252545678470e+01
1.148841202595668953e+01 1.143869940038772803e+01 1.147303361542892830e+01 1.169034679513512920e+01 1.153002126451680098e+01 1.172518248373662786e+01 1.143957236238408015e+01 1.158478459642301850e+01 1.149341885835166011e+01 1.148576535988183345e+01 1.137435554986350184e+01 1.140551520181641365e+01 1.151512897491574527e+01 1.142869721340206191e+01 1.141107397798461065e+01
1.140690877118157331e+01 1.140637583067860739e+01 1.144990542518426402e+01 1.168441702622143552e+01 1.149839775518507068e+01 1.169451504042406320e+01 1.139945888185336642e+01 1.153188205949334133e+01 1.146376494473933683e+01 1.146633510610900508e+01 1.137032470755148239e+01 1.137121344764823938e+01 1.145048554292717746e+01 1.138921251608234364e+01 1.139764131714336592e+01
1.145731159653782427e+01 1.141915787950956052e+01 1.147907466296298473e+01 1.174592905970556167e+01 1.162212119142544431e+01 1.174405582478311061e+01 1.143182619073006201e+01 1.153335008396982886e+01 1.150128481015882365e+01 1.147823492567765946e+01 1.142952613444412613e+01 1.141197523220622756e+01 1.145787817754065330e+01 1.141625081809340969e+01 1.139562615579564664e+01
1.140620509697294338e+01 1.140012046648087640e+01 1.148966626368003574e+01 1.168870633866346509e+01 1.151038913751298409e+01 1.170501655940056018e+01 1.141475874763161613e+01 1.151092434066879200e+01 1.150718325889213212e+01 1.146165869607431986e+01 1.142316170303766398e+01 1.137282540125281827e+01 1.143400033039861441e+01 1.140944825090050685e+01 1.138858161201183350e+01
1.144124035300759523e+01 1.139163445343559466e+01 1.146380889742458642e+01 1.167546707831708908e+01 1.149019675818778730e+01 1.166108647568175982e+01 1.141280772126558851e+01 1.152486249842433530e+01 1.145129052292988092e+01 1.143963083791753022e+01 1.139989456604800289e+01 1.138546415783009813e+01 1.144536634533325525e+01 1.139543477456620302e+01 1.136745568090796255e+01
1.147079742525690804e+01 1.144767294184085493e+01 1.148167232488363076e+01 1.170650699870338052e+01 1.148207545031613819e+01 1.172128512321318006e+01 1.145647970138763405e+01 1.151873109840194864e+01 1.150977263801861206e+01 1.152038574759718514e+01 1.146171732167851331e+01 1.143193628547262897e+01 1.147265441288256049e+01 1.144862049184967745e+01 1.141726762279072993e+01
1.146135793670767278e+01 1.145573149947155933e+01 1.148296297894244589e+01 1.168349551301802869e+01 1.154569194734040849e+01 1.177849614049008586e+01 1.141969882403296666e+01 1.155754875691940420e+01 1.150473409441340245e+01 1.152293285512463328e+01 1.142304617188166027e+01 1.143012151591081249e+01 1.151989046186825760e+01 1.145520698971398232e+01 1.145033920818485740e+01
1.131592394729359796e+01 1.130464186174526553e+01 1.132192414498523192e+01 1.160880030136942409e+01 1.144159198980226400e+01 1.150360322156983273e+01 1.132544578921731571e+01 1.134719177640578813e+01 1.130284322337566572e+01 1.133098925470959628e+01 1.135337508969458931e+01 1.128152327874898830e+01 1.132183269894940558e+01 1.129913409747983799e+01 1.128867365649831989e+01
1.130381658454520277e+01 1.128325982350950696e+01 1.124712331277184241e+01 1.156993449411028863e+01 1.137707717345243275e+01 1.154323468018543508e+01 1.132885645298384425e+01 1.132236361648293865e+01 1.129175109533493071e+01 1.130526515062005899e+01 1.132947352535516039e+01 1.128709641385114182e+01 1.131544143676509329e+01 1.129849357131749521e+01 1.127121422287206620e+01
1.149487714101193347e+01 1.145212848910462711e+01 1.148719916518202844e+01 1.171030129923880558e+01 1.155819884982251544e+01 1.178802808514688572e+01 1.146348035082134054e+01 1.156882878934940351e+01 1.152738050931757741e+01 1.155998217888597601e+01 1.146295230444312807e+01 1.142294935328650318e+01 1.148798956650923131e+01 1.144845719026765529e+01 1.143511016196643837e+01
1.147641459827514332e+01 1.143557548799351942e+01 1.145405567796494317e+01 1.170623351177199467e+01 1.151157898395284995e+01 1.172995178553997242e+01 1.144514516924333591e+01 1.155844317832188217e+01 1.147133849644998449e+01 1.150035039376729706e+01 1.143206971611421707e+01 1.139704496879075890e+01 1.150705957324940876e+01 1.142627973716862400e+01 1.140379473860129345e+01
1.139523833540225617e+01 1.134617846567199351e+01 1.139175995324046653e+01 1.168159772877977076e+01 1.153131182726904136e+01 1.169071572055793418e+01 1.136525981441503852e+01 1.152551011423772387e+01 1.143191185774107410e+01 1.143331034705203031e+01 1.132900289148940409e+01 1.134548682041282497e+01 1.141949298978770955e+01 1.135780069220624000e+01 1.134120863483618180e+01
1.146364798661912587e+01 1.139903926268937973e+01 1.147155816704184339e+01 1.174971285630497952e+01 1.155187652106116580e+01 1.174294753180093309e+01 1.140614220285825198e+01 1.159163174270845786e+01 1.149889796645164175e+01 1.146367826636686793e+01 1.140687328486176000e+01 1.138184259366015461e+01 1.147191268022268140e+01 1.141332149371950777e+01 1.138373041984220002e+01
1.146335112214055485e+01 1.144045052744491819e+01 1.149010813091403982e+01 1.170250074703189114e+01 1.151711854189486139e+01 1.172259057278340677e+01 1.143307877547367646e+01 1.153725867301785080e+01 1.148939376032811488e+01 1.153687346811539527e+01 1.141337710753528789e+01 1.140825764656031893e+01 1.149243034068632063e+01 1.142474749908673459e+01 1.140311427893862728e+01
1.144946072513514146e+01 1.142779666255753312e+01 1.148521163383871269e+01 1.168211903354442427e+01 1.153964480420154182e+01 1.175425258936310335e+01 1.138631374109963623e+01 1.154322791091834866e+01 1.150794835006104577e+01 1.147572606554514785e+01 1.139522053182704120e+01 1.142132567134282617e+01 1.147512766552103258e+01 1.145401023472157576e+01 1.142227982303282552e+01
1.133667564153805074e+01 1.131481800614007938e+01 1.140535273123778559e+01 1.169074206738190291e+01 1.138842471879760687e+01 1.151713771804647024e+01 1.130382124732363813e+01 1.139973111329803146e+01 1.139302616405997171e+01 1.131695331860188070e+01 1.136304610137664461e+01 1.129907017558619486e+01 1.130926415015983189e+01 1.134600550768099225e+01 1.129469476627543401e+01
1.130884665178236759e+01 1.129730500302427743e+01 1.134986671098673661e+01 1.160614015124135179e+01 1.148539111171578675e+01 1.161823768107585408e+01 1.134640041162122870e+01 1.138290200767569615e+01 1.137367578411579849e+01 1.133126212880775441e+01 1.133823373098755383e+01 1.131118578334401903e+01 1.131401439011251142e+01 1.133226400842636217e+01 1.132225806588377814e+01
1.147696786964653271e+01 1.143473452972722448e+01 1.150436773785789768e+01 1.174451742016982969e+01 1.153299953775742992e+01 1.173592467026654873e+01 1.143941360122023276e+01 1.153198161204291594e+01 1.152641900254866414e+01 1.152295239436823593e+01 1.145591154781831378e+01 1.140861725780966118e+01 1.147500148311298673e+01 1.141980000915653903e+01 1.139622501995697235e+01
1.146220311157044414e+01 1.144553671747358337e+01 1.150541836893289549e+01 1.169102160967197435e+01 1.153422857061620022e+01 1.172762581571513607e+01 1.143817905634189458e+01 1.152339677885675151e+01 1.148690591983763731e+01 1.151605072390680817e+01 1.142442106192056350e+01 1.141125310200180998e+01 1.146991040982778465e+01 1.142703645015442859e+01 1.142655108349594961e+01
1.142392246004736478e+01 1.139357492244762149e+01 1.143018070155564914e+01 1.174311011870879895e+01 1.155948313509621528e+01 1.171856262745546573e+01 1.141417992886125177e+01 1.153342515345534025e+01 1.146118897109510826e+01 1.143859025148286079e+01 1.140287096204913730e+01 1.139180842395836812e+01 1.144188573954218491e+01 1.140670411268270534e+01 1.137483522518943957e+01
1.141176421205107872e+01 1.140995105179754887e+01 1.140208109459667796e+01 1.172503696311888888e+01 1.156817811287545439e+01 1.172878692929288924e+01 1.139895400951500015e+01 1.147048310755566902e+01 1.144001603323377658e+01 1.144291208792861703e+01 1.137899883322643646e+01 1.140782160467066930e+01 1.141314036621329819e+01 1.139143322280197701e+01 1.139390847035979526e+01
1.144912171355734642e+01 1.143929361635222186e+01 1.149997181509435684e+01 1.170288673653317879e+01 1.154878085982674563e+01 1.181754358843101826e+01 1.143840251254389884e+01 1.155035188197593499e+01 1.149348849349055079e+01 1.148333369844517371e+01 1.142774766402184738e+01 1.141326793394869377e+01 1.149160708704740941e+01 1.143278232029155284e+01 1.143628976146092668e+01
1.146864027849040646e+01 1.147064107843234559e+01 1.149143356255863324e+01 1.168089487830172146e+01 1.150997145831129309e+01 1.174334410925491312e+01 1.144982008805389917e+01 1.158031831167365766e+01 1.147475924151923543e+01 1.151014575797519690e+01 1.139854665677232504e+01 1.142639142889654025e+01 1.153484509140331049e+01 1.143300232175779385e+01 1.143422044305253493e+01
1.143167974711356649e+01 1.142459353100498909e+01 1.143119369718763423e+01 1.164847434207150023e+01 1.156259087968044419e+01 1.179893343795489180e+01 1.139623797661341342e+01 1.152776075427584601e+01 1.145956575332791338e+01 1.148507806450098201e+01 1.137705695160409824e+01 1.139553160369431417e+01 1.145483368986706729e+01 1.139528131999466964e+01 1.139385308852532042e+01
1.145896804129917790e+01 1.144435334282091254e+01 1.151153323289931940e+01 1.175150790161714376e+01 1.156686118239938210e+01 1.176602289111063548e+01 1.143424797137850213e+01 1.158684632173004481e+01 1.154847519705121428e+01 1.149782621686575013e+01 1.143795573706690227e+01 1.142288666935069230e+01 1.149939442152411040e+01 1.141631623349565139e+01 1.143326401138866899e+01
1.147025501810538195e+01 1.142361977090735436e+01 1.154431742978071362e+01 1.173676793514092687e+01 1.147082946179249241e+01 1.166561455856705543e+01 1.144783974143980565e+01 1.156396393435887227e+01 1.154370405035011160e+01 1.152913590221831086e+01 1.143408686920450101e+01 1.142340471068609098e+01 1.151760836854623449e+01 1.145767995931120353e+01 1.141714297655273391e+01
1.148053017112922980e+01 1.144669752517414807e+01 1.150721387018883846e+01 1.171168946245074416e+01 1.153620614167657088e+01 1.177026807148530985e+01 1.144807695563519090e+01 1.159938668729816058e+01 1.151953520278038035e+01 1.157644685974217857e+01 1.143227496512793095e+01 1.143477012377957891e+01 1.151638976625853061e+01 1.144256558401891866e+01 1.143488093852337251e+01
1.147721333251688236e+01 1.143509679620960640e+01 1.146053749351558793e+01 1.174285830325753821e+01 1.151294067887765138e+01 1.171570023369540081e+01 1.143023815768443185e+01 1.157765157574730530e+01 1.150357492720042174e+01 1.146934298819954812e+01 1.138742437752535963e+01 1.139126716332233968e+01 1.150169043028613380e+01 1.140748819428534233e+01 1.138674136470149634e+01
1.141475637209135208e+01 1.134450149953416620e+01 1.133125217160193721e+01 1.163960929639277175e+01 1.155097304477694742e+01 1.172820128129009376e+01 1.140985245851444496e+01 1.148122202280370985e+01 1.140081800637336329e+01 1.143084447833785333e+01 1.137751172402744260e+01 1.134142903646020883e+01 1.140681882990634399e+01 1.136647348066158258e+01 1.134750292304405939e+01
1.150872339306677006e+01 1.145649439259894820e+01 1.150962988054109637e+01 1.172263667416454425e+01 1.156738940076616728e+01 1.180823111033678074e+01 1.146683957263465992e+01 1.155705911023470023e+01 1.151559656343708760e+01 1.151991725840176528e+01 1.146981404679949712e+01 1.142573032869236371e+01 1.148506459729536822e+01 1.146573826640875460e+01 1.144640779085515980e+01
1.146640293342436046e+01 1.144461916788849720e+01 1.154651575624596660e+01 1.174103155788559683e+01 1.153064382031054791e+01 1.175801335924438185e+01 1.143723723486913713e+01 1.154562878394970760e+01 1.156512445107473575e+01 1.152654726480506397e+01 1.142247760970473358e+01 1.141966687020792470e+01 1.150077119916590007e+01 1.145563206106639598e+01 1.141759418747644617e+01
1.128525864454990391e+01 1.123237390996148832e+01 1.128484262629736712e+01 1.156198217348911506e+01 1.135973856755861888e+01 1.146524047455338291e+01 1.127145861126476944e+01 1.129826071838093071e+01 1.128546731545285908e+01 1.125335378328447788e+01 1.125955903052078177e+01 1.125573625685431267e+01 1.131918922485869494e+01 1.128890644107386265e+01 1.123421604450348177e+01
1.132527556325219464e+01 1.127142129943737103e+01 1.130670967092656554e+01 1.157450950208525242e+01 1.139176961864122184e+01 1.152583500469975952e+01 1.131653558368642898e+01 1.133611167191491376e+01 1.133866081227767708e+01 1.131058858832371072e+01 1.130527042111831015e+01 1.125272640566140225e+01 1.129252139162361246e+01 1.131569797014522827e+01 1.125297060084087164e+01
1.147419390432686370e+01 1.147685821606947520e+01 1.148777179512653035e+01 1.170479146180430696e+01 1.153157056649146384e+01 1.175654752071014286e+01 1.145942912745709741e+01 1.159748527729899692e+01 1.149157252627622228e+01 1.156802189582272256e+01 1.145409233097007551e+01 1.144730578251925834e+01 1.152906942655276268e+01 1.147916139692559945e+01 1.146505177116434382e+01
1.147860515785199986e+01 1.148366654981974833e+01 1.151515773095359485e+01 1.170408460812226004e+01 1.152136844595075615e+01 1.170293567348366537e+01 1.145203968408758222e+01 1.160727909280688586e+01 1.152836997045027623e+01 1.153018762790248175e+01 1.144008346480910454e+01 1.141885506182458343e+01 1.154244064978942319e+01 1.144644516937257706e+01 1.146308762592214414e+01
1.146211781832793974e+01 1.141459473564070848e+01 1.144537349214675537e+01 1.169583226699061207e+01 1.157027465690390500e+01 1.174681247370190640e+01 1.142635369031716763e+01 1.156494247635677119e+01 1.148398434269272883e+01 1.151339755799008202e+01 1.142051550738676191e+01 1.141298036572849739e+01 1.148176034743744722e+01 1.142808194549585465e+01 1.142789341131243930e+01
1.142038577140483646e+01 1.137136528270131208e+01 1.136336858145819306e+01 1.165551441778031894e+01 1.152197761757440198e+01 1.173036092729044277e+01 1.136637067850201532e+01 1.154661251808198053e+01 1.141900944491996839e+01 1.149310136789319081e+01 1.135861602551436178e+01 1.136554409579877145e+01 1.145478663911834438e+01 1.136649450888892510e+01 1.137471801645375891e+01
1.144653683345741513e+01 1.146000387246954233e+01 1.151691195393895129e+01 1.171651523502597492e+01 1.152613157333137295e+01 1.176585989640521746e+01 1.144158541849001232e+01 1.154689691046515776e+01 1.152868764165645032e+01 1.153071207242434681e+01 1.144080854377152612e+01 1.144206559364783082e+01 1.152762155179140890e+01 1.145092964584063644e+01 1.145716380955654579e+01
1.146156686602519770e+01 1.144507018836359435e+01 1.152124754989164757e+01 1.171950087366714932e+01 1.154712835795866255e+01 1.178064329983258318e+01 1.146618160615092563e+01 1.157818756275372785e+01 1.151932859081723670e+01 1.151787897985163589e+01 1.142804597552778212e+01 1.144056129803182209e+01 1.153901087255983882e+01 1.144424975891816665e+01 1.144034696284427710e+01
1.126920439887868675e+01 1.124355644321312298e+01 1.127003810644669457e+01 1.150923453584129419e+01 1.133699299009718331e+01 1.147295365610140472e+01 1.125004810666212762e+01 1.127795612635586942e+01 1.126751206639487890e+01 1.126910421866499945e+01 1.133128048250302378e+01 1.121164367383893001e+01 1.123202610574866078e+01 1.128825388172893263e+01 1.125850720218505430e+01
1.126867856158399839e+01 1.123975076684831542e+01 1.126211434783572152e+01 1.153017171362338011e+01 1.133873901281242702e+01 1.142654158891686045e+01 1.128249371333894757e+01 1.132496828595818172e+01 1.125174429945503007e+01 1.123724029735208241e+01 1.127748217252164942e+01 1.120803265938919857e+01 1.128779629029304488e+01 1.128868579629864577e+01 1.117266427222113556e+01
1.145734027114336229e+01 1.143763819875575471e+01 1.148508282065971997e+01 1.171468210489989303e+01 1.155084771385390674e+01 1.179905641706136343e+01 1.144745262719647805e+01 1.156260097261972142e+01 1.151481818144691083e+01 1.146399104550547321e+01 1.146499346585489754e+01 1.141745801274959682e+01 1.148782804596443619e+01 1.143962994371137754e+01 1.142982741484352260e+01
1.149286087405475953e+01 1.148907035382819153e+01 1.149335601247314465e+01 1.167481076851873034e+01 1.151753646156820210e+01 1.171605013144374752e+01 1.145040588502034673e+01 1.162575730231543503e+01 1.149583605836120803e+01 1.154399134264231641e+01 1.145392680789101014e+01 1.144959393209649967e+01 1.156884280630767492e+01 1.145517754283234879e+01 1.148285341941836002e+01
1.155256987512369804e+01 1.147685270681110659e+01 1.151561010192869716e+01 1.176912178015339627e+01 1.155884401869270661e+01 1.172574849232053218e+01 1.149324153934529313e+01 1.165205322686180800e+01 1.154108286977461439e+01 1.150193527675863336e+01 1.147336459177782864e+01 1.147615156843766826e+01 1.156107693989048890e+01 1.146675136950863383e+01 1.146690049254864086e+01
1.132740318571441662e+01 1.131930708864440582e+01 1.130705334043866017e+01 1.156717792803003597e+01 1.146456017593377119e+01 1.168521537633875695e+01 1.132665768729996181e+01 1.133966198168287320e+01 1.133159168961304175e+01 1.136413625053550369e+01 1.134285102976582671e+01 1.130409878483176023e+01 1.134140776299119580e+01 1.137087751315141482e+01 1.129075599834893495e+01
1.143697735128207604e+01 1.141273373722895990e+01 1.149698980440491169e+01 1.171493339397484057e+01 1.156088765934790352e+01 1.172226722522780307e+01 1.142677274616147365e+01 1.154087458678991496e+01 1.150071416857683815e+01 1.150814316930018677e+01 1.143303630495489998e+01 1.140097428893064446e+01 1.147297103191362666e+01 1.141274948495029840e+01 1.140407325630256885e+01
1.143131241260569730e+01 1.142796949838113996e+01 1.145516948292002368e+01 1.168132366872217709e+01 1.155085904264303664e+01 1.173753829278393468e+01 1.138906456506605913e+01 1.156277108521998009e+01 1.147249119054977129e+01 1.146461259828647705e+01 1.137039283010360080e+01 1.137849130516922536e+01 1.150262806276123229e+01 1.139073035689489188e+01 1.141759440184245911e+01
1.143104873786263376e+01 1.138659548242526931e+01 1.143482932134290131e+01 1.167677958197601384e+01 1.149448930624141241e+01 1.167522121326483209e+01 1.139735616129088314e+01 1.152211323859017256e+01 1.143177348311953700e+01 1.142531809680598975e+01 1.133923225983653005e+01 1.134292485278774976e+01 1.144794084417998548e+01 1.137104926809697147e+01 1.134014049287723047e+01
1.143148727156181899e+01 1.143219623749038405e+01 1.146999154853578062e+01 1.170460584376857582e+01 1.154039991865163373e+01 1.171808884079048063e+01 1.140557136657721315e+01 1.157931123589237465e+01 1.148209276802480439e+01 1.147064019786319378e+01 1.140042894180382582e+01 1.139599035482365075e+01 1.149254398884289508e+01 1.141418258622160664e+01 1.140779780363413920e+01
1.141116040266433096e+01 1.142103107238927961e+01 1.143548691608503809e+01 1.171533964574310538e+01 1.152498304385075834e+01 1.172592863324657664e+01 1.138846720981388394e+01 1.153125456768239943e+01 1.147379362509919254e+01 1.147224823946577210e+01 1.141506562147779746e+01 1.138814225927067447e+01 1.146687747406108215e+01 1.140217178626263994e+01 1.139914692093266879e+01
1.138658270949331808e+01 1.136694024288671478e+01 1.144640075769858534e+01 1.167256604915488971e+01 1.151516402586056920e+01 1.168019686741321372e+01 1.138480361859599732e+01 1.151841035246994771e+01 1.144813308570949850e+01 1.152073495941699655e+01 1.137615281065877149e+01 1.136511282293165870e+01 1.143991700574156312e+01 1.138497733966592484e+01 1.133585690062545481e+01
1.143859455879634091e+01 1.137356433955852175e+01 1.141371088222426522e+01 1.167656515176914311e+01 1.150288860746270103e+01 1.166871026004267442e+01 1.141014639336236591e+01 1.156030978366085549e+01 1.142974832987396283e+01 1.143042599202702370e+01 1.138055680437298456e+01 1.138487131977091060e+01 1.149612544045628759e+01 1.136450119997222075e+01 1.138511700059986254e+01
1.142835560452757449e+01 1.141299698181514799e+01 1.139974316582600622e+01 1.160945955312202216e+01 1.153836287115403003e+01 1.172191695419151181e+01 1.139218399749751676e+01 1.155552371899440267e+01 1.137438815840351047e+01 1.145501588829311501e+01 1.133771436156703949e+01 1.135147547796784018e+01 1.149279413791132676e+01 1.133477656803125555e+01 1.140474099262949359e+01
1.146558669720929835e+01 1.142910034198795621e+01 1.147004440925804758e+01 1.168692549455928109e+01 1.151290835569102633e+01 1.173724246410456296e+01 1.143797257258988154e+01 1.160189694213689648e+01 1.147010581581875854e+01 1.147377739847040345e+01 1.135798906338615133e+01 1.140788088036440584e+01 1.152418577756027496e+01 1.139149803616015255e+01 1.142058872965004035e+01
1.141183916848517654e+01 1.134451904282219381e+01 1.147852302570495198e+01 1.169056624296753455e+01 1.147696787878896529e+01 1.165788320416950086e+01 1.139258566344945223e+01 1.151756524210196631e+01 1.149221547983249891e+01 1.138426852578127857e+01 1.135180668463098286e+01 1.134039363306383486e+01 1.146232410639766819e+01 1.138585494736654802e+01 1.134135279221570869e+01
1.144893915928493833e+01 1.143247866023901693e+01 1.144636179072808879e+01 1.167862462482998964e+01 1.154559414965745212e+01 1.172329491074840746e+01 1.141580275108679565e+01 1.157120235730554647e+01 1.147651077306185741e+01 1.147811308213319492e+01 1.139057233874403430e+01 1.138599354226488636e+01 1.149055753471721530e+01 1.140846754518875805e+01 1.141572898094728217e+01
1.138881992584968650e+01 1.142305965867999618e+01 1.149628221621181723e+01 1.172348139467330519e+01 1.148668604284008588e+01 1.167626363182135663e+01 1.140755727594869562e+01 1.154636772828936131e+01 1.150175085965292965e+01 1.149521962493838068e+01 1.142527561274475012e+01 1.138521207663801249e+01 1.147774220372567555e+01 1.139802692952312491e+01 1.139885587094992658e+01
1.143782692274011659e+01 1.140204243174467713e+01 1.147623256974519634e+01 1.169745535252532420e+01 1.153654144766217193e+01 1.171221315965924603e+01 1.141494863643483626e+01 1.156752589275612841e+01 1.149470602545383358e+01 1.151170367573130093e+01 1.137786047577875514e+01 1.137936700311424687e+01 1.148939263511048026e+01 1.139444343873484122e+01 1.137083163598689239e+01
1.141387053273770391e+01 1.137382773399208524e+01 1.146920312360090577e+01 1.171169293812417678e+01 1.154160706373580503e+01 1.172061450761346002e+01 1.138882402786029502e+01 1.152479244158629612e+01 1.146308744722831463e+01 1.147819462104781252e+01 1.138052898901564980e+01 1.136884506381733395e+01 1.146157630062280752e+01 1.138202225698868730e+01 1.138148890546234959e+01
1.144446496044462691e+01 1.140715739519079364e+01 1.150573795923131470e+01 1.174136998051616487e+01 1.157256518139444168e+01 1.173528153036737720e+01 1.140810359390223283e+01 1.152374374964390569e+01 1.151374029855039360e+01 1.148307659608672360e+01 1.142812589645111565e+01 1.140457206019526559e+01 1.144704632819660794e+01 1.141333550669422969e+01 1.138961541129022415e+01
1.147395781455581165e+01 1.139998920025960771e+01 1.144970373028867172e+01 1.169942866142195292e+01 1.158219865879032362e+01 1.176574053113640872e+01 1.144099969170619779e+01 1.157640908238171207e+01 1.146707587331579425e+01 1.148762185468486230e+01 1.137975274693554439e+01 1.136634445462011200e+01 1.146804423172678788e+01 1.139079996693107866e+01 1.138226278404839320e+01
1.138333310177689661e+01 1.135128130713420624e+01 1.141678831236862557e+01 1.166481396208265764e+01 1.150731109355460013e+01 1.171797035098715334e+01 1.135825576153206384e+01 1.149515918627901279e+01 1.143068483027777660e+01 1.142228075322196545e+01 1.131108675663123009e+01 1.132021562110894308e+01 1.139297797449483163e+01 1.134879054662089892e+01 1.130986146889391186e+01
1.144113543591739024e+01 1.139032639101478495e+01 1.142065015285561635e+01 1.163988471914892919e+01 1.155206012660259951e+01 1.173105552409578323e+01 1.140387635893796059e+01 1.152250224996330275e+01 1.143692347668994636e+01 1.149238644869682169e+01 1.138738948428456865e+01 1.138317705052993745e+01 1.145507701513909637e+01 1.141284810679733752e+01 1.139549942483890632e+01
1.144506239132729952e+01 1.142042940951805363e+01 1.146913172405974990e+01 1.170311309495810548e+01 1.153849789192180175e+01 1.172711374086933311e+01 1.139788493421201210e+01 1.155443803900090849e+01 1.149834003182181164e+01 1.147315635397507094e+01 1.139978512802308863e+01 1.139770145627029230e+01 1.146985233718408459e+01 1.139960007690563160e+01 1.140591222903103485e+01
1.143614366255364168e+01 1.139456609530437348e+01 1.150560209159671032e+01 1.169620928996922871e+01 1.156279922957047290e+01 1.174152969172379812e+01 1.140889232563056765e+01 1.149834609560051213e+01 1.149766853299895253e+01 1.150766622303940778e+01 1.141084560028477490e+01 1.136051034626271417e+01 1.143434093931914042e+01 1.139219980049605319e+01 1.136612696983157456e+01
1.142945783018974026e+01 1.136889498674165822e+01 1.143750162488652222e+01 1.166923898075662969e+01 1.154201597708124183e+01 1.172117482544631528e+01 1.140701775960345898e+01 1.152196714615663353e+01 1.145328891619639577e+01 1.145944639993269298e+01 1.136929496231034520e+01 1.134735418035335464e+01 1.144730922491248393e+01 1.138867817693876106e+01 1.133561227544856465e+01
1.139261259016405958e+01 1.136394072961609503e+01 1.144590413010658203e+01 1.167317118473841298e+01 1.151276325729487837e+01 1.169964980278539812e+01 1.138401444469499069e+01 1.150984081880280563e+01 1.147441527498602021e+01 1.146216974275086820e+01 1.134390985761013049e+01 1.133886900850153090e+01 1.143731892286873730e+01 1.137215552099541149e+01 1.134180296949663536e+01
1.146656351241851013e+01 1.138624852779124375e+01 1.145627449489216865e+01 1.169492305833832191e+01 1.150733768202446683e+01 1.171268326436186413e+01 1.144708273842636892e+01 1.154463824525604743e+01 1.145655603576256709e+01 1.144826196493306014e+01 1.137254492483981494e+01 1.139153098346783466e+01 1.149666790733839328e+01 1.143413233379690652e+01 1.136379503384673129e+01
1.143228092817650499e+01 1.138729557104418078e+01 1.144267714612371023e+01 1.166717349019682537e+01 1.153788187510755492e+01 1.173516360214701137e+01 1.141262409215629070e+01 1.148019218494096982e+01 1.147804136317138024e+01 1.147691824652464376e+01 1.141468144264649354e+01 1.136754968102981778e+01 1.145202554902403946e+01 1.140902515305082154e+01 1.137751059110720497e+01
1.142418944902868105e+01 1.141793688232956860e+01 1.144843891115334955e+01 1.168689424172278990e+01 1.153920747653013379e+01 1.174660248803565388e+01 1.138619625371109478e+01 1.153244718317623807e+01 1.146205485247484468e+01 1.146749429322502500e+01 1.140020422078820950e+01 1.137734840176330131e+01 1.146090546389065956e+01 1.139711672771007578e+01 1.137993676566814827e+01
1.138437711139314068e+01 1.131966773607108223e+01 1.146752400408350958e+01 1.165527117303276405e+01 1.155716643689413559e+01 1.174156582252541092e+01 1.137704709367165101e+01 1.146484829733765665e+01 1.148944749936105758e+01 1.147167775230847298e+01 1.137564508740102731e+01 1.131583602196659477e+01 1.136810901333754664e+01 1.136498230929767317e+01 1.132382411196741145e+01
1.141616771387188223e+01 1.140495953590474087e+01 1.144472072765606363e+01 1.170855080713468688e+01 1.151780665147001592e+01 1.171709720512403230e+01 1.139874784090430815e+01 1.151953131588237156e+01 1.148152575521611141e+01 1.148776110092320835e+01 1.140706620404126070e+01 1.136521874840203594e+01 1.145329423269988744e+01 1.141159440897169830e+01 1.137205500606439124e+01
1.140713252763401719e+01 1.136681128105399807e+01 1.142692619644481766e+01 1.163726705018874874e+01 1.154136975595206671e+01 1.171130243784629599e+01 1.137985791320695839e+01 1.147594268335505063e+01 1.144166049803617113e+01 1.149503260476839017e+01 1.137715863225173685e+01 1.136713025626484352e+01 1.142639240010390367e+01 1.138865677238612228e+01 1.135864153029202051e+01
1.142158819303240058e+01 1.138865555301202370e+01 1.142280615082881390e+01 1.167137146033462614e+01 1.157341714039030833e+01 1.177351795085696118e+01 1.138017503666977426e+01 1.149841911672632833e+01 1.146399725138999059e+01 1.150416428519529255e+01 1.140593989043217427e+01 1.137074392426501035e+01 1.145147388471545113e+01 1.140527510736146510e+01 1.136891636204762435e+01
1.143769184374503212e+01 1.138524322005159739e+01 1.145700458927511534e+01 1.168285038750311244e+01 1.152248302509661571e+01 1.171616459627044726e+01 1.141012971239933194e+01 1.149932971525200820e+01 1.145169619270785155e+01 1.144369791693307725e+01 1.136313217857730606e+01 1.136708295528504920e+01 1.145698198000148160e+01 1.138394193146713640e+01 1.136517039721241673e+01
1.146473748093164780e+01 1.138913436115613997e+01 1.147590815612076121e+01 1.168934762477897316e+01 1.155175765773951646e+01 1.173144187357253720e+01 1.142913743753656775e+01 1.152860012617827046e+01 1.150477373742342024e+01 1.153428057879512814e+01 1.140850548254756802e+01 1.139849726300980848e+01 1.148594130760707088e+01 1.143162702716040258e+01 1.139738207482939814e+01
1.143921308788894642e+01 1.142889051930256095e+01 1.148634148587166770e+01 1.170101783852577704e+01 1.152378142857195087e+01 1.169903138180031377e+01 1.138142434345935605e+01 1.153252105864017807e+01 1.150120144620754736e+01 1.150856892837835055e+01 1.141591785691731786e+01 1.139030846418138587e+01 1.145896834020128097e+01 1.139055633564813164e+01 1.140892687778625891e+01
1.143272875499856589e+01 1.140309832204822804e+01 1.143750191952563355e+01 1.164034043473776414e+01 1.155941959987680434e+01 1.174819632683946402e+01 1.139986171448069996e+01 1.151683107114562610e+01 1.145536713257122408e+01 1.148861611313531306e+01 1.139053905639724640e+01 1.137447567724376718e+01 1.144890625881296842e+01 1.139554714632878607e+01 1.138173094042456057e+01
1.142433784493888638e+01 1.139325187354481628e+01 1.149837721104666599e+01 1.170953952415584887e+01 1.151099146740227752e+01 1.167789021319379295e+01 1.140622296886357567e+01 1.153882226492508245e+01 1.151177582724511517e+01 1.144456078285142908e+01 1.140070815150662398e+01 1.137818828395051618e+01 1.147147961844722097e+01 1.140252773418588106e+01 1.138379722335493938e+01
1.143729536671553326e+01 1.141850465382403534e+01 1.149405355774363713e+01 1.171015254252962912e+01 1.154132588171185247e+01 1.170964456300808187e+01 1.139923390217061261e+01 1.155898416579849908e+01 1.151548041153012036e+01 1.148647329875720757e+01 1.139346442157686212e+01 1.141170494357435139e+01 1.150879437834480967e+01 1.142160049519101861e+01 1.141727128583878859e+01
1.138176853536206856e+01 1.135446228980257288e+01 1.145641628325822836e+01 1.162332334367035713e+01 1.157094743436844908e+01 1.175361623194406135e+01 1.137104616994733242e+01 1.149936833638955136e+01 1.147106058138975726e+01 1.142371398893013179e+01 1.139639146087193389e+01 1.136016715176164915e+01 1.144907857508066762e+01 1.137564269216393598e+01 1.137437775938507833e+01
1.148339728337712806e+01 1.142978543888947485e+01 1.147928445270938802e+01 1.171936590654202348e+01 1.154100654730666164e+01 1.171997213003025706e+01 1.144461767509892525e+01 1.159435081069974061e+01 1.150639254166770797e+01 1.146185605411430330e+01 1.141415477156485458e+01 1.140546441329403393e+01 1.152390358376572443e+01 1.141665150397905570e+01 1.140544043034042154e+01
1.148454810741821142e+01 1.144960965439739020e+01 1.148397031235718835e+01 1.170180746017195617e+01 1.157577108983766223e+01 1.177519120635242622e+01 1.144850895876771091e+01 1.161165031551220217e+01 1.148526107939837893e+01 1.150282278199459896e+01 1.140035710244985445e+01 1.142604394621703001e+01 1.153176075706341130e+01 1.143750298275082677e+01 1.144147982358057369e+01
1.138985072600183734e+01 1.135583589850444497e+01 1.149475344716721104e+01 1.169775899661923901e+01 1.153205264369067962e+01 1.172594732158553121e+01 1.136633547694824387e+01 1.149412204046198838e+01 1.149568385235362200e+01 1.142623951594149112e+01 1.138499496990703008e+01 1.134678530411201436e+01 1.145077476143294781e+01 1.137852510970088993e+01 1.133128845037864529e+01
1.139051827495820035e+01 1.137076297579627315e+01 1.143668209024222904e+01 1.167457806856226732e+01 1.149930215225969654e+01 1.169968345578221758e+01 1.135157551957845357e+01 1.151536080699796472e+01 1.145055473325691864e+01 1.140398347414053504e+01 1.137271714293506264e+01 1.135004527743291369e+01 1.143447689524811928e+01 1.136865203123103640e+01 1.135138003515851501e+01
1.135630203714041109e+01 1.131785517848109635e+01 1.141453307528363759e+01 1.162360190947971361e+01 1.146610417222711931e+01 1.169878762539709172e+01 1.130232536266614574e+01 1.148864306883199582e+01 1.143883175671033037e+01 1.144065324170079379e+01 1.134599811745261277e+01 1.131558158232916078e+01 1.140071638141483312e+01 1.134732190768517057e+01 1.130162867257224946e+01
1.145125159693015959e+01 1.140997820789498718e+01 1.140733717116690649e+01 1.161824735775803852e+01 1.154983790543506927e+01 1.171448775019070254e+01 1.140288687045290317e+01 1.153420697810604167e+01 1.141062551778138712e+01 1.147747598028341187e+01 1.138535141613363244e+01 1.136857605341091748e+01 1.144725237633712389e+01 1.140469639348306785e+01 1.140045363458624728e+01
1.144746059863705767e+01 1.142407950885425727e+01 1.149127672977516923e+01 1.168990229903463174e+01 1.155068352946893917e+01 1.175004191235686513e+01 1.142656285120345139e+01 1.158488222182625194e+01 1.150673020822256554e+01 1.145707591286112503e+01 1.140697046541864701e+01 1.140830168685785395e+01 1.152555351149672447e+01 1.142420445603339729e+01 1.143207581706834830e+01
1.141126027960577716e+01 1.136307493867781027e+01 1.147825725368971206e+01 1.168542604376636618e+01 1.152332462848813854e+01 1.172777963021691860e+01 1.139824028057856431e+01 1.150019440361023193e+01 1.150810885555217666e+01 1.146624802756787886e+01 1.137968457913300391e+01 1.136559846471282320e+01 1.143887853881752115e+01 1.141243354554778477e+01 1.136378048602804469e+01
1.144777237822293614e+01 1.141496115809087186e+01 1.142460700347540836e+01 1.159026897347750307e+01 1.154413162746352128e+01 1.174641790867922886e+01 1.140100595870157818e+01 1.154498255583142097e+01 1.144695976945296501e+01 1.151392286404977305e+01 1.135841015024733913e+01 1.138425038920080468e+01 1.147378485311190133e+01 1.139492706891920548e+01 1.139461491329336162e+01
1.147730214032383422e+01 1.141904245788987993e+01 1.147819298999615611e+01 1.173623727895744473e+01 1.158142932223102939e+01 1.175295536726895662e+01 1.142871778779821668e+01 1.157143164735191654e+01 1.150388492775647720e+01 1.150549556338631163e+01 1.144889530065722738e+01 1.141047122656515533e+01 1.150661093600673190e+01 1.141301875196768556e+01 1.140734560140666076e+01
1.148506082192375999e+01 1.145557187967831325e+01 1.150320501745242829e+01 1.174981505415591343e+01 1.163855393248642756e+01 1.179086131317799691e+01 1.143176079067557893e+01 1.158536212867025483e+01 1.153999725201163251e+01 1.154863547492128717e+01 1.142788937822239070e+01 1.143496993915116455e+01 1.149983878213176780e+01 1.141835671254466256e+01 1.144318288536771711e+01
1.146682060067197284e+01 1.141208403625662093e+01 1.146277168088733056e+01 1.172589224815212638e+01 1.162564438484562857e+01 1.177185125035046909e+01 1.141562917981045722e+01 1.156087698149973342e+01 1.148534724535078588e+01 1.149110510544257835e+01 1.144432185455281292e+01 1.139497723388464756e+01 1.147623733675002455e+01 1.140675248608413561e+01 1.139655605119840054e+01
1.146385341777222955e+01 1.142941425668080946e+01 1.149823328194941574e+01 1.172828520022811283e+01 1.160784914276033319e+01 1.176848354800236152e+01 1.144005285492273494e+01 1.157138171293229689e+01 1.151967335916986279e+01 1.151457298156379849e+01 1.145006592335725948e+01 1.142949531943398789e+01 1.148714095681644309e+01 1.144127512162189575e+01 1.143070592391628004e+01
1.150847372419594983e+01 1.144598537004017480e+01 1.155028419249294380e+01 1.178561099972218607e+01 1.159313478344707526e+01 1.173898413737001789e+01 1.146895447511173494e+01 1.163015991773993640e+01 1.157743261850473004e+01 1.152549561054907201e+01 1.146958681801197066e+01 1.144982083289393771e+01 1.154532481286686085e+01 1.144867394081791900e+01 1.144501532322022541e+01
1.147427652242240903e+01 1.143342326985536594e+01 1.148560898349678894e+01 1.173728221168909869e+01 1.160115381099480558e+01 1.175386985197990164e+01 1.142307832393494849e+01 1.157237134395552758e+01 1.152549515896514443e+01 1.153595041104500396e+01 1.143861900730184900e+01 1.141601922477911835e+01 1.148549740790054230e+01 1.142653660732643495e+01 1.141881461149467292e+01
1.152872829077766248e+01 1.146079246865861379e+01 1.149024170095959541e+01 1.175043484619338052e+01 1.158443385514178026e+01 1.175183039459484391e+01 1.146658163211496806e+01 1.162968242913623307e+01 1.152085663930894732e+01 1.151023113965292843e+01 1.144790749785232720e+01 1.145068855246590722e+01 1.152742053820783141e+01 1.145500617642875696e+01 1.146090170740153447e+01
1.146456709753390513e+01 1.140446706058905946e+01 1.148929338290819580e+01 1.172016594781829291e+01 1.156547708039201439e+01 1.173155456707872979e+01 1.143289286322160514e+01 1.156785458743559047e+01 1.152102793107606082e+01 1.149214413860304873e+01 1.143904034714694795e+01 1.139361062703328997e+01 1.150014839678279621e+01 1.141254043305326604e+01 1.138898941411402710e+01
1.151247654573199242e+01 1.145751791306018141e+01 1.148197060827971150e+01 1.175363960264796326e+01 1.160380181979846093e+01 1.176711731932657656e+01 1.147389080733497124e+01 1.161702229553546672e+01 1.151351005478820433e+01 1.153728310136882129e+01 1.144831348469585386e+01 1.143771946693268760e+01 1.152867811938495102e+01 1.145764109811327458e+01 1.143545371593840088e+01
1.148470724480848304e+01 1.141686373389214637e+01 1.145173970298104393e+01 1.170713633316543323e+01 1.160308225098554047e+01 1.175799941191048248e+01 1.142174958647944827e+01 1.156030550990960037e+01 1.148730543002459470e+01 1.151063903325859705e+01 1.142288815916493050e+01 1.142030086289766544e+01 1.148931276624392872e+01 1.143299885426072571e+01 1.140919333847431361e+01
1.145849681176410328e+01 1.140815867000326378e+01 1.148314899286998703e+01 1.172457565026781978e+01 1.155640281952682891e+01 1.174146687081332807e+01 1.141456605589245932e+01 1.155533382463016956e+01 1.150463690831281482e+01 1.150851946035983353e+01 1.143498585552702274e+01 1.139304282660077128e+01 1.146070095076654205e+01 1.142525856331575618e+01 1.140226605675399618e+01
1.149784177487291537e+01 1.145007123137918370e+01 1.147063281148551006e+01 1.173530955246652319e+01 1.156756990134400986e+01 1.171614758181358340e+01 1.144560686596256360e+01 1.160493515940061116e+01 1.148252521699153306e+01 1.152807732062155388e+01 1.144145952835063440e+01 1.142962937799248024e+01 1.150963797107856657e+01 1.144957376930768689e+01 1.143928041970407250e+01
1.149769765314012915e+01 1.144236755793010829e+01 1.150004551340063053e+01 1.173501057953241933e+01 1.156429368776362487e+01 1.173917025316421814e+01 1.145161979464577939e+01 1.158907505063361931e+01 1.151326058004719677e+01 1.150946642021996347e+01 1.145848093841359194e+01 1.143350594732710768e+01 1.151843367123174389e+01 1.144865271015327757e+01 1.144201417019949929e+01
1.151983970071677632e+01 1.144344634523627668e+01 1.150959139046710611e+01 1.171027638265844928e+01 1.160598531486335716e+01 1.175862190503051075e+01 1.146879411912962077e+01 1.161189290314498201e+01 1.154107196674102198e+01 1.152723152779466176e+01 1.143736764630250491e+01 1.143071151620524084e+01 1.151668547603802040e+01 1.144828041137690455e+01 1.143217485494695396e+01
1.153025020182358595e+01 1.144436513651055876e+01 1.146624072040278008e+01 1.171062488245338962e+01 1.154467075121280040e+01 1.169035879068001549e+01 1.145564529048450275e+01 1.162820914807762307e+01 1.147716356578132668e+01 1.148765112404367805e+01 1.138804141971159467e+01 1.140976950449588578e+01 1.152182110677893512e+01 1.143988324588756811e+01 1.142589337801690874e+01
1.147092928183988647e+01 1.143450341802166115e+01 1.150329824623327113e+01 1.175032957213125684e+01 1.159062753263779655e+01 1.173970205979835590e+01 1.142200823351899430e+01 1.157448881335364632e+01 1.150766134316362255e+01 1.147471809354863481e+01 1.141853665790610250e+01 1.139769400973903402e+01 1.147170660202726289e+01 1.142065662848533592e+01 1.140362476690320648e+01
1.147697617598212005e+01 1.140946452435914615e+01 1.148248985372318742e+01 1.173756937029720149e+01 1.164687671554679227e+01 1.177238949136922308e+01 1.143244839333562624e+01 1.156864322061448647e+01 1.150967435160342411e+01 1.151226951636776441e+01 1.143047468159221403e+01 1.139918426428237552e+01 1.146783984632527442e+01 1.141537627124642640e+01 1.140610110809744171e+01
1.149560598055763627e+01 1.144836217509667620e+01 1.149338432890339945e+01 1.174882294965181373e+01 1.163186339422414051e+01 1.175966251883316893e+01 1.144669000689609284e+01 1.158428777760541273e+01 1.151534168747438436e+01 1.153124077125374214e+01 1.144541143224983415e+01 1.142335652009038682e+01 1.150559584029199556e+01 1.143972428986497114e+01 1.141835399183046107e+01
1.149175046715595627e+01 1.144885763030541881e+01 1.149511130037468654e+01 1.175157072335045250e+01 1.160639784083401693e+01 1.175419477313273653e+01 1.144965942131255154e+01 1.159680256961343403e+01 1.154249305432049688e+01 1.151133641744990577e+01 1.146160006448667978e+01 1.143407610256488205e+01 1.151834397591364301e+01 1.144676819803288659e+01 1.143574994064067241e+01
1.149452883390709168e+01 1.142627132700936521e+01 1.151484704563005756e+01 1.176049201686225842e+01 1.162260042949246142e+01 1.179040913083223607e+01 1.146285634848139878e+01 1.160084178512494724e+01 1.157138421322754240e+01 1.153303017550424592e+01 1.145206532726764515e+01 1.143538340494303185e+01 1.150274385765795415e+01 1.144227236590725560e+01 1.142788108880860953e+01
1.152741316395122517e+01 1.144515174665703938e+01 1.150522375526292684e+01 1.176118416441533832e+01 1.165969778670113222e+01 1.181251970947865892e+01 1.145808549905301099e+01 1.162302241944858849e+01 1.152629511712646426e+01 1.154147101787860130e+01 1.145149443854220195e+01 1.145428301556343520e+01 1.152976637808413329e+01 1.145911933363651158e+01 1.142637958531764575e+01
1.144171042152242102e+01 1.144738277704800211e+01 1.151655573958407075e+01 1.173910910306598332e+01 1.165361602387831041e+01 1.182062810497958338e+01 1.143922703477821123e+01 1.157621619040049055e+01 1.153807606319080392e+01 1.150762172087672042e+01 1.143731345399781851e+01 1.142851177040512312e+01 1.150192506317183927e+01 1.143779683024052396e+01 1.144989942110216319e+01
1.146101468538639701e+01 1.143386599213188504e+01 1.149879824011155449e+01 1.171174230155264162e+01 1.155474183005047273e+01 1.174005659850899441e+01 1.142806426552459520e+01 1.155092265082899061e+01 1.151519429729171939e+01 1.152392292732247903e+01 1.141933026225801484e+01 1.138580736990961917e+01 1.148377504488239609e+01 1.141305666945797803e+01 1.140244054159535736e+01
1.150040883415019621e+01 1.145953416185639817e+01 1.148371578175077623e+01 1.174768354123790637e+01 1.157835446521396250e+01 1.175070871915934489e+01 1.148334964990674933e+01 1.158177359171862797e+01 1.151463503906000163e+01 1.151596709020041054e+01 1.146227053554309983e+01 1.143698397813500911e+01 1.150096025539318134e+01 1.146498418647503570e+01 1.143882569571397312e+01
1.148052372101815166e+01 1.143948967188190302e+01 1.149742439295062724e+01 1.174420865521627455e+01 1.157885806257751504e+01 1.175870223945393356e+01 1.144506752568880614e+01 1.160492132721020653e+01 1.151577542471087234e+01 1.151177273794853306e+01 1.144106804935085187e+01 1.143785975124145260e+01 1.151462677309391935e+01 1.142162549814150552e+01 1.143658349495387050e+01
1.145464766988698813e+01 1.141695072388164256e+01 1.148223224459318992e+01 1.171780290697030580e+01 1.155633588726932892e+01 1.172680134885105829e+01 1.142772005497432275e+01 1.154915419663195131e+01 1.151553100915213257e+01 1.150596409958702004e+01 1.142014537066244451e+01 1.139125223971222312e+01 1.147251955819399960e+01 1.141784988421066771e+01 1.138990051465313158e+01
1.147188902736883342e+01 1.143958537366217421e+01 1.151658883799633060e+01 1.175560284626222618e+01 1.162621862165086029e+01 1.177277207702037032e+01 1.143465830464795907e+01 1.158306914276230160e+01 1.154319871329283309e+01 1.151608341926514711e+01 1.141656187104776876e+01 1.140086929898921220e+01 1.151124606147890184e+01 1.143729429962102806e+01 1.140783559175802786e+01
1.148996888232582769e+01 1.143892690304043391e+01 1.151534091566622386e+01 1.176199442553941310e+01 1.161039269328512624e+01 1.176618407841023917e+01 1.145385901810657536e+01 1.159436865351374735e+01 1.153897714093767668e+01 1.154074094023927799e+01 1.150359130769632188e+01 1.144376118015793509e+01 1.150270854874849924e+01 1.144642987549125834e+01 1.142907628353363236e+01
1.149904508855490093e+01 1.145868768987173603e+01 1.153964105101145954e+01 1.177398784468166326e+01 1.159120525892048192e+01 1.174691492288114247e+01 1.147256740717838497e+01 1.162255869838815592e+01 1.158240452153206590e+01 1.154782077646162364e+01 1.147725107810357059e+01 1.145435490600625172e+01 1.152323634223419901e+01 1.145394448030545576e+01 1.145271697455483739e+01
1.148477408076331940e+01 1.141189471899605934e+01 1.147983181581966861e+01 1.171773330309590655e+01 1.156245434097933078e+01 1.172363902769584953e+01 1.142836477143097085e+01 1.156204955224682784e+01 1.149517759074426237e+01 1.149234371998785598e+01 1.141450616426287290e+01 1.137976273493979207e+01 1.149933495997856880e+01 1.142046718807523220e+01 1.137575987383384835e+01
1.150481964460200501e+01 1.142842951295364173e+01 1.147372840240241842e+01 1.174703754626505159e+01 1.159774250962439979e+01 1.177281700703578515e+01 1.144010267383073298e+01 1.157687038645109112e+01 1.151287064719730324e+01 1.149462655352408902e+01 1.143840902287138306e+01 1.141947424318431992e+01 1.149049466043078027e+01 1.142906313975938737e+01 1.141176566667859404e+01
1.148212181186275060e+01 1.145058577587593440e+01 1.149899178556894697e+01 1.177230223344379034e+01 1.160718526753583646e+01 1.176755613083426510e+01 1.146564451104431726e+01 1.159310093403087194e+01 1.155976858816150710e+01 1.151582516242480025e+01 1.146612081621286272e+01 1.142712746559128689e+01 1.149701540418645074e+01 1.145960622972508247e+01 1.143734876938720291e+01
1.149733014719636515e+01 1.145469980925864206e+01 1.152549014677421901e+01 1.178197048413456827e+01 1.158663852762419566e+01 1.174956594227306717e+01 1.146191328775023699e+01 1.158497902086168097e+01 1.155091823106027071e+01 1.151603916227945845e+01 1.145831827856920349e+01 1.143427448372191790e+01 1.150332551303278450e+01 1.145067831984029283e+01 1.144888228987464274e+01
1.146588877141658536e+01 1.141933252570918000e+01 1.150740586835209989e+01 1.174288832899136104e+01 1.160091506914813309e+01 1.175526893071854317e+01 1.143736603025672771e+01 1.157880744681558305e+01 1.152314685902747726e+01 1.151786176670145601e+01 1.144378518463637562e+01 1.141563101229811572e+01 1.150050268783667029e+01 1.143771687423525485e+01 1.140634640998261951e+01
1.146488483526516156e+01 1.141004421335719243e+01 1.148860134074141648e+01 1.175179988620853955e+01 1.158541680120270456e+01 1.175560424749718713e+01 1.141786913377777424e+01 1.156007447907845176e+01 1.150727665554289914e+01 1.147915334115740649e+01 1.145182311502612116e+01 1.141814577030594435e+01 1.148512072704842524e+01 1.143507245086090229e+01 1.141027723984441877e+01
1.146526836861505316e+01 1.140131938632556974e+01 1.146199004137051602e+01 1.173335814521165688e+01 1.158330917870554089e+01 1.173303468113892656e+01 1.142240342138688014e+01 1.156493101319989236e+01 1.149856988768562616e+01 1.147849508598358526e+01 1.141694829433735947e+01 1.139232438589367469e+01 1.147922879924643347e+01 1.140030514005051643e+01 1.139020095212936390e+01
1.148748895376464141e+01 1.143914754431862768e+01 1.149871459940791318e+01 1.173046655381730652e+01 1.160047889852510394e+01 1.177549844333861273e+01 1.143633715411179352e+01 1.156973611750098208e+01 1.151583891513915425e+01 1.152806696870559122e+01 1.145310392262392440e+01 1.141553885321979855e+01 1.150643801343573713e+01 1.142965717039557028e+01 1.140789480193985028e+01
1.145423599270816695e+01 1.140509279658821029e+01 1.147346888066402393e+01 1.171008941689783356e+01 1.155598443125433405e+01 1.172561318328714641e+01 1.142375678671967698e+01 1.154718967829663434e+01 1.150318417076408295e+01 1.146285112681054130e+01 1.141720708505192583e+01 1.138248605224303134e+01 1.147783773123848938e+01 1.142424091841330380e+01 1.139325009326271143e+01
1.148903115025727928e+01 1.143213722162304968e+01 1.150583171881949518e+01 1.175433341610518490e+01 1.165639355071364491e+01 1.178824598278793445e+01 1.143406515695487258e+01 1.158915360886235213e+01 1.152613525981413645e+01 1.151341853090325884e+01 1.142863307014508223e+01 1.141999817436708398e+01 1.150096357943534287e+01 1.142863137887722935e+01 1.141267935744115114e+01
1.146145726278695598e+01 1.142260062477352101e+01 1.149771511222565401e+01 1.173868714645546873e+01 1.157151703979816126e+01 1.173794357070653405e+01 1.142766880274800911e+01 1.155357225055137249e+01 1.151128955385657271e+01 1.148381841438663287e+01 1.143144929921398401e+01 1.138732133478217179e+01 1.148878941065404113e+01 1.141241124096212900e+01 1.139940488358652715e+01
1.147336833341939055e+01 1.143370480454135496e+01 1.152587512790036328e+01 1.178505479157626112e+01 1.164412402008087177e+01 1.177424640311042836e+01 1.143828027383917600e+01 1.159897132379900064e+01 1.156425961916758283e+01 1.152110557812677349e+01 1.144072929565540164e+01 1.141538795221745772e+01 1.149146322605163029e+01 1.142980947444502426e+01 1.141849636454436201e+01
1.147368188618107965e+01 1.143582565372167359e+01 1.151428765613004046e+01 1.175762855497115389e+01 1.156828066294807478e+01 1.172793739963576165e+01 1.144406616675161636e+01 1.155484991136435902e+01 1.155394207602984480e+01 1.150340094078757858e+01 1.142450127344040567e+01 1.141378859692421344e+01 1.148260537153483973e+01 1.142892080494859108e+01 1.141797777494090660e+01
1.151127692360016042e+01 1.143204348416343308e+01 1.147967980053024917e+01 1.173300118731511610e+01 1.154566859643840360e+01 1.167697402452264122e+01 1.146241526296187097e+01 1.159385905313968124e+01 1.150801963356826541e+01 1.150501795781102921e+01 1.140404588475123226e+01 1.141683143734962158e+01 1.149351130711163016e+01 1.141474240430855147e+01 1.142465837973375109e+01
1.148682899910791200e+01 1.144828083862085144e+01 1.151308810929146631e+01 1.176906188154087651e+01 1.162722391622046381e+01 1.178775892188560093e+01 1.144813563287771707e+01 1.157773153179329562e+01 1.154516818175361337e+01 1.152594041831560112e+01 1.145109147505629466e+01 1.142892544721628667e+01 1.149870741746286207e+01 1.144027650916154570e+01 1.143308920955060337e+01
1.151135907498293243e+01 1.143123532209244608e+01 1.151733230306105149e+01 1.177799877897620640e+01 1.158019408841304276e+01 1.173608029372353379e+01 1.145653449222285047e+01 1.159873486223181338e+01 1.157275537338004234e+01 1.155563964719688563e+01 1.147417240957707740e+01 1.143112375512435719e+01 1.151120529428064820e+01 1.144387900890229304e+01 1.142985421426796400e+01
1.148080204118129544e+01 1.145393643637495984e+01 1.148943144337249755e+01 1.174183743265646385e+01 1.159625129932962473e+01 1.174916923704537197e+01 1.144979654467993591e+01 1.162214188157188666e+01 1.150836774880192337e+01 1.151144697873200151e+01 1.144063046783662152e+01 1.142451226099495898e+01 1.151436365871713186e+01 1.143264070820615963e+01 1.143597304821417637e+01
1.147850527267477361e+01 1.141225799069522928e+01 1.150404000054053100e+01 1.173815220217905519e+01 1.158133510756763762e+01 1.175455616904847034e+01 1.143364023677333385e+01 1.157681085342525584e+01 1.152665694839544130e+01 1.149222943451390044e+01 1.144125548356450395e+01 1.138917726118615903e+01 1.149407068480206817e+01 1.140374287193566083e+01 1.138009921532427171e+01
1.147792779606188240e+01 1.141584032025176931e+01 1.147033336028771089e+01 1.172288848941070327e+01 1.157861460411648125e+01 1.174304739960317967e+01 1.143466015349793352e+01 1.157675652577701086e+01 1.150979514938025083e+01 1.157372495785627464e+01 1.142961177282035301e+01 1.141600580020178413e+01 1.149177556496069208e+01 1.143425598709794500e+01 1.140702942814548493e+01
1.147153897323360461e+01 1.141507079937410296e+01 1.149952255624419983e+01 1.174494003763999395e+01 1.160821180818551035e+01 1.176737626154290695e+01 1.142626886622968740e+01 1.159258352512393309e+01 1.151459666371143342e+01 1.150811830914380884e+01 1.143062386867241464e+01 1.141026591032198567e+01 1.149291322928253400e+01 1.142410068323243344e+01 1.140560995864394478e+01
1.145783304223712307e+01 1.140476751155792812e+01 1.145545776371814028e+01 1.170097270706704329e+01 1.159998276782592797e+01 1.175698327340447769e+01 1.142365213945274149e+01 1.157940165864190085e+01 1.147532946381303454e+01 1.148927995683448167e+01 1.141412298552173432e+01 1.139117735043181767e+01 1.148267791078014000e+01 1.141409407706072798e+01 1.139557480694401370e+01
1.146707924795889078e+01 1.142281200518062434e+01 1.147502916732174683e+01 1.174681478480779973e+01 1.158533600626095783e+01 1.176726457867371423e+01 1.143613604314322529e+01 1.159286361470508453e+01 1.149159597927840970e+01 1.150941530009505698e+01 1.144691078036355592e+01 1.141893618635842600e+01 1.149304709959543835e+01 1.142642869060837363e+01 1.143292858263994027e+01
1.149154733823027996e+01 1.141342464250252497e+01 1.147238666352193093e+01 1.173066707968349043e+01 1.156590512133417725e+01 1.173842586035933877e+01 1.144620799215927320e+01 1.158496812154524136e+01 1.150168180304232735e+01 1.151828484252853180e+01 1.142839617421193310e+01 1.140999973202755946e+01 1.149433854077947004e+01 1.144290410713539430e+01 1.138606707072421464e+01
1.148187527015267229e+01 1.141461367869111143e+01 1.152205384494279627e+01 1.176116668549396849e+01 1.159063765197817020e+01 1.174349854725734943e+01 1.144245522569851126e+01 1.158483071290115163e+01 1.152696900733353580e+01 1.151433879353554879e+01 1.146305677392228617e+01 1.142438821198808796e+01 1.149270811274689486e+01 1.144748725027627678e+01 1.141151992169384499e+01
1.153686021619847324e+01 1.148266145688073259e+01 1.152990974714057337e+01 1.181173784878051336e+01 1.169039453992859379e+01 1.180865877732576941e+01 1.148504051922767566e+01 1.166201458974384586e+01 1.157352750812570186e+01 1.153878492951717583e+01 1.149899291503846221e+01 1.146720483960688775e+01 1.154246504907981041e+01 1.148152383619322769e+01 1.146367195705097863e+01
1.147869021285235469e+01 1.142638408668074668e+01 1.151593490636955330e+01 1.177929158162764445e+01 1.160461652372479691e+01 1.175045968235573035e+01 1.145073483707496287e+01 1.159231154779580386e+01 1.154652338393933064e+01 1.152225241044017068e+01 1.147820658244429382e+01 1.142632221153671956e+01 1.149513500416760614e+01 1.143858314263053089e+01 1.143775699786621125e+01
1.151733835912291681e+01 1.145270484126353416e+01 1.149514109525392236e+01 1.175355050310428062e+01 1.160951840246290523e+01 1.175589154213742660e+01 1.147663245059129267e+01 1.160129078120433022e+01 1.153761586224351277e+01 1.155320284477708626e+01 1.145392585057769530e+01 1.145500790241219846e+01 1.151156527655170514e+01 1.146048965716736134e+01 1.144695787605036941e+01
