5.135613199644910587e-01
4.940009955743479009e-01
5.819886227531281264e-01
5.665653471775843331e-01
6.059855971551967313e-01
5.890393863846361544e-01
5.651837148516253295e-01
6.576844915232799016e-01
5.980167387619684805e-01
6.300134939826056435e-01
5.603416654153616783e-01
5.041442098643634795e-01
6.040543025104210262e-01
6.190577987682461814e-01
6.210129358590416038e-01
6.535538403173131172e-01
6.689043555056820578e-01
6.871503365744203728e-01
7.386486133047498459e-01
6.821933190543785219e-01
7.192459861155452439e-01
6.710163019924105798e-01
6.934927609810752624e-01
6.906090060032347155e-01
6.721992727012598978e-01
6.647394844815004422e-01
6.699552147690450710e-01
6.797554762723556632e-01
6.667224714924061546e-01
6.233004675934670225e-01
6.745120847252230600e-01
6.862220413336156399e-01
7.087826268345109870e-01
6.742978442677755035e-01
6.461633549697139989e-01
6.620384910134136103e-01
5.261051149501698720e-01
5.406414160620837128e-01
4.805414937510179563e-01
4.685947745805392195e-01
5.148248384152530610e-01
5.625033326791961663e-01
5.644067762289806112e-01
4.729284194107387651e-01
4.689511915274413023e-01
5.333104330761051504e-01
5.291198686187001954e-01
4.713687027928082918e-01
4.390242317685240092e-01
5.925909016106966076e-01
4.409754734276352672e-01
4.807117505880655894e-01
4.195013501383647592e-01
6.153452857807800713e-01
5.013562172995562616e-01
4.876288286330127120e-01
4.767266803283539134e-01
4.403411542103700116e-01
5.712000537877189865e-01
4.747343724321500535e-01
5.918412655319398308e-01
6.014836629759332531e-01
5.597936655266164685e-01
5.775550057105586221e-01
5.891592007149916155e-01
5.812576945138273610e-01
5.753030013256450470e-01
6.059560808120945108e-01
6.006332196493305853e-01
5.841839384353901821e-01
5.379247465039800336e-01
5.697359593551150070e-01
5.650067086396238780e-01
6.177687153310366108e-01
5.963728351247969961e-01
5.725734950188842154e-01
5.994476043582454006e-01
5.303969893317157513e-01
5.733207773642808869e-01
5.418158665227922333e-01
5.094482520597013453e-01
5.462209439847531822e-01
5.461211638643546085e-01
4.874789511178282408e-01
5.385731284966320809e-01
5.625936364874253304e-01
6.009117946451177916e-01
5.940387731056333553e-01
5.065898799425808674e-01
5.009845421604296467e-01
5.564257425111663879e-01
5.168564152728878369e-01
4.937867675715131299e-01
5.173574987990232632e-01
5.311956271458294632e-01
5.909743898675211549e-01
5.067778030778400389e-01
6.065447789483364716e-01
5.697838958335825765e-01
5.669497573042149297e-01
5.173902644084519276e-01
5.205200488747776522e-01
5.816488864007861581e-01
5.596926483394962792e-01
5.009745839551883462e-01
5.537555447755602156e-01
6.846234255612334563e-01
6.310653183461062410e-01
5.444125411012827875e-01
5.430312942831241330e-01
5.755384537709141712e-01
5.718707940871791129e-01
5.991445261861000349e-01
4.710202237035363004e-01
5.392661689108653178e-01
5.128719496775933084e-01
5.007845859780875042e-01
6.102501516171111584e-01
5.771929824561403688e-01
5.046020509402495691e-01
6.194481535801471539e-01
4.866869357345084413e-01
5.975536205707345783e-01
6.474462380832773922e-01
5.356621672232928510e-01
5.253514904868242796e-01
5.228628557934927867e-01
5.635728836961335642e-01
5.698886878044466808e-01
5.501757789591273928e-01
5.459215244251588439e-01
5.002139140049290944e-01
5.848870394833057818e-01
5.915356141964452918e-01
6.182752605026168302e-01
6.283492653023942109e-01
6.207178750897344166e-01
6.339732402559627999e-01
6.451814072883816920e-01
6.470021808745146652e-01
5.384372398011861849e-01
5.879061197011220541e-01
5.583799707636594167e-01
5.481783197659816365e-01
6.005072614573595535e-01
5.687028332607543257e-01
5.889903614901481621e-01
5.776822941270332024e-01
5.659464951883512729e-01
5.755549790267570076e-01
6.101750468172811859e-01
5.286899291740991824e-01
5.604791467132075322e-01
6.138646265036367122e-01
5.805603890458119754e-01
5.968969098490896075e-01
5.988522576501281725e-01
6.529161086083039578e-01
5.174781003935300383e-01
4.536813952182964793e-01
5.982061890887090394e-01
6.630943142947812730e-01
6.360625818657220654e-01
6.557168441888961974e-01
5.930994649292873344e-01
6.289163473638446078e-01
6.097864862038515632e-01
6.269443117269204446e-01
6.112979966180323022e-01
6.241161084619771815e-01
5.877505740191795169e-01
5.805132330835337529e-01
5.834591468192765751e-01
6.032635907407755127e-01
6.153303562594449883e-01
5.917610483701684077e-01
5.827150767032955869e-01
5.615325478746043819e-01
6.348236068090238327e-01
6.134393187269945313e-01
5.508744935288096833e-01
5.899801960506191323e-01
6.664402225367311861e-01
5.691517828984770100e-01
5.265488280563657142e-01
5.343008109479849832e-01
6.150879751902106340e-01
5.616652651544226105e-01
5.761601835436437336e-01
5.714861999737320675e-01
6.593406479296262113e-01
6.423686884754197246e-01
6.051259085273279492e-01
6.558239189715621142e-01
6.479739030512211562e-01
6.338584200300999560e-01
5.999353153289561646e-01
6.547332849710058023e-01
6.585763499348102901e-01
6.309884839623555175e-01
6.326896034200786278e-01
6.134591194968553873e-01
5.788870331182404128e-01
6.281755807430251526e-01
5.693997553028261605e-01
6.048348699303121023e-01
5.990634700864839735e-01
6.315719611770850284e-01
4.015359129574734287e-01
4.886292640259902731e-01
3.916739262427074153e-01
4.624140153963278155e-01
4.756545752124359261e-01
4.748175121197047432e-01
4.697364880017340649e-01
4.668330304325745139e-01
4.723187717937927799e-01
5.030197009454787649e-01
4.247959017209541055e-01
4.322987593324105760e-01
4.591099177094686845e-01
4.304719680055271724e-01
4.482652330020577280e-01
4.947357880582496370e-01
4.614876930642474728e-01
4.773505207195397060e-01
4.888148124464688493e-01
4.998766474525984660e-01
4.120007391568332178e-01
4.850582998137424884e-01
4.204307741522559372e-01
4.579951620919803235e-01
6.646638191678264640e-01
6.515381823410183459e-01
6.026969890112874317e-01
6.452328426171876075e-01
6.156773964374945285e-01
6.373710094966017481e-01
6.407583917218120373e-01
6.235285778089870723e-01
6.112674823821023784e-01
6.243991775711115189e-01
6.495015005368698358e-01
6.282874310207253732e-01
6.493790948008232311e-01
5.831787228263694001e-01
6.452549777740026471e-01
6.238743538798006139e-01
6.123069508344621825e-01
6.315853361523756648e-01
6.379803655517498617e-01
5.855689446588918656e-01
6.337001818036464007e-01
6.358744510646168191e-01
6.054829027011928710e-01
5.884425670302143585e-01
5.401851732784671567e-01
5.607783083289240578e-01
5.542584504839946913e-01
5.533020835806230497e-01
5.514840247432041265e-01
5.590478451365294976e-01
6.100073446854678005e-01
5.460086407444333378e-01
5.156745088190635151e-01
6.132595955567037294e-01
6.017150324363125247e-01
5.561040662695836412e-01
5.745870202809263416e-01
6.301987601349779977e-01
5.946595211174873219e-01
6.195644534561453032e-01
5.356801822455440343e-01
5.672433347710100771e-01
5.289105216057008452e-01
6.254217949651640351e-01
5.993509979580214919e-01
5.371575003079623878e-01
5.472149017923710890e-01
5.913811649237668000e-01
6.096076526964699926e-01
6.453768781197249949e-01
6.048472503609451101e-01
6.377517564402810368e-01
6.321774467942089526e-01
6.510350146509754632e-01
6.387648610771882174e-01
6.069716304612755575e-01
6.166812188537146300e-01
6.530399611108993474e-01
6.287517947107267302e-01
6.247703171709555470e-01
6.255156608097784954e-01
5.900560189334806971e-01
6.321310268678689281e-01
5.562190617588445019e-01
6.320983956785538593e-01
6.252668726543730848e-01
6.081954155203936896e-01
6.139662896801276748e-01
6.192501989829402032e-01
6.086060472173576708e-01
6.200810803920961956e-01
6.080208060503717871e-01
6.008142555851493372e-01
5.987196133084502492e-01
6.126063218833440738e-01
6.235675454608660129e-01
6.632169971238089934e-01
6.399822909120180814e-01
6.142601629085280290e-01
6.146374951722689550e-01
6.644126696089006634e-01
6.694507629347784539e-01
6.297290644397264270e-01
6.779212660010039970e-01
6.722054655136885382e-01
6.623843696122606595e-01
5.819956328498335774e-01
6.165641350088622019e-01
5.253655906568991396e-01
7.049252001513713894e-01
6.431653847067086982e-01
5.915033945121006553e-01
6.058494127544125085e-01
5.996467325311138907e-01
5.589112783874553569e-01
5.453538117523516471e-01
5.113990060113581260e-01
5.317743565389619897e-01
4.726891939425241773e-01
5.023745270329216250e-01
5.587786460822475876e-01
5.269847190594272313e-01
5.451689736526941221e-01
5.499207644822724506e-01
5.736255914710159942e-01
6.007211803857783750e-01
4.547830628766129091e-01
5.466722212798501568e-01
4.462320330141457680e-01
5.812047671777345048e-01
4.033008191145959209e-01
4.249831147892194627e-01
4.691152278928941155e-01
4.422404678047972548e-01
4.322237837481119338e-01
4.399344138027476148e-01
4.699441652314154116e-01
3.468560629609690471e-01
3.521674310833807775e-01
6.178233445205832952e-01
3.931043511215545072e-01
4.650968149821423925e-01
6.291192605587571096e-01
4.665235653944007632e-01
4.536693922746155017e-01
4.795792426275479192e-01
4.244863742145756347e-01
4.892491908574045922e-01
5.049564609724641606e-01
4.853664669034913337e-01
4.570320382909439094e-01
4.082284329904876108e-01
4.516157916045346332e-01
4.902956921156168546e-01
5.386153107190180256e-01
4.572583237123141742e-01
4.662647024241521887e-01
3.785912169326174914e-01
4.164848486909853431e-01
4.046873936199327226e-01
4.585372706815968868e-01
4.275663683152724492e-01
4.834881514034591321e-01
4.510395268200268482e-01
3.625693724333605150e-01
4.832487032911809699e-01
4.187823112927225311e-01
3.333798496982190995e-01
4.812186620506135326e-01
5.033669974159841187e-01
4.188962335156879990e-01
3.979204129797766498e-01
4.756608494397002174e-01
5.591005152803593115e-01
5.002630290478120578e-01
4.076998411460602267e-01
4.814042285042067215e-01
4.363633749054524058e-01
3.691150406273659978e-01
3.881586173664778316e-01
4.976956563055022764e-01
4.869626553614335718e-01
4.803199253686388781e-01
6.171695328321834539e-01
4.550055674942222184e-01
6.759145926832584861e-01
4.123798971809205516e-01
5.026968467337541435e-01
6.808322385178432468e-01
6.860985600270258500e-01
6.713515020006768363e-01
7.279971831455939180e-01
6.929402256035421814e-01
6.425917082304514194e-01
6.971542995741319970e-01
6.630179344465059188e-01
6.854667883539344864e-01
7.280391091797936420e-01
6.974630021141648983e-01
6.757166035694970319e-01
6.607205770550167445e-01
6.819324789621818983e-01
7.144174172044536197e-01
6.987775729929570634e-01
6.648679425872828785e-01
6.914619939368574775e-01
6.777860882572924739e-01
6.947288966257013643e-01
6.775690380864387574e-01
6.969594653091614189e-01
7.019127316198445765e-01
6.538901367382113916e-01
6.366318343705779093e-01
6.844930827999173850e-01
6.995502426322641742e-01
6.263524831364026824e-01
6.680743775606681201e-01
6.528846863093795694e-01
6.337477203765778944e-01
6.235884239338075341e-01
6.359362145285171186e-01
6.639682827999928705e-01
6.727303494373466641e-01
6.591012681985146671e-01
6.605244996549344272e-01
6.561897702001482369e-01
6.885080184975034268e-01
6.639478972511447807e-01
6.967318805037664431e-01
6.718474898772478499e-01
6.997590845315785346e-01
6.690836280969545413e-01
6.524514464212957110e-01
7.137299602316937719e-01
6.245976328430644653e-01
6.615472222460955232e-01
6.591365346009183668e-01
6.735117999295526792e-01
6.324333405919884132e-01
6.310908448267048554e-01
6.613389121338911769e-01
6.712448323380799664e-01
6.765433446105715287e-01
6.637178954571002487e-01
6.621530978864212935e-01
6.232671670745404402e-01
6.459346116130109117e-01
6.380470273705431961e-01
6.663575311800448153e-01
6.427182043506038944e-01
6.523980909121050997e-01
6.470560932024415068e-01
6.468797362333483791e-01
6.499963077200929806e-01
6.448596455159503193e-01
6.436529582687131601e-01
6.297620970533263085e-01
6.350197526584011598e-01
6.889497531615608183e-01
6.307244318864948518e-01
6.559387341162075113e-01
6.371086807805586005e-01
6.566877813331215563e-01
6.388027926065504847e-01
7.025626530996796903e-01
6.746409117389852161e-01
6.479450315685552075e-01
6.360566688688248371e-01
7.065317667056387752e-01
6.697805659866662431e-01
6.381012936214773834e-01
6.291434212722849528e-01
6.351569659971728621e-01
6.461770946224413281e-01
6.532152595670801531e-01
6.496380952957023780e-01
6.241215984383778892e-01
6.476285718656968893e-01
6.727089191722546158e-01
6.708975500062624997e-01
6.251083948009746871e-01
6.349130346017449744e-01
6.554643925482350753e-01
6.504702194357366851e-01
5.509087307482790630e-01
5.802359213632771739e-01
6.011769703711183910e-01
5.071252448010987735e-01
6.319016495487084217e-01
5.839101396478445505e-01
6.519240123783821561e-01
5.645820684072050399e-01
5.372450586232403458e-01
5.378179723264744361e-01
5.474967386165791039e-01
5.582143900273101034e-01
5.588020882372730647e-01
5.706209060122192644e-01
6.278033110056219224e-01
6.280173164259027496e-01
5.276612766370093466e-01
5.695394880650721525e-01
5.926960749624217151e-01
5.788442256858992163e-01
5.577911907127179880e-01
6.302865966180846158e-01
5.302114824384013270e-01
5.567138840256777854e-01
5.710387755241503882e-01
5.814793411612397822e-01
5.582869619945365347e-01
5.649175127719779921e-01
5.995850414474268586e-01
5.800254337360341017e-01
5.370988832218981379e-01
5.932406702222586814e-01
5.804488674649010971e-01
6.250792768707049696e-01
5.341696701023790350e-01
5.092604895262669018e-01
5.736411107357091144e-01
4.552942966394571411e-01
6.623785547124317885e-01
4.887893645220500738e-01
5.728106612618374394e-01
6.599110751894079474e-01
5.451846558468819159e-01
5.277373080771489144e-01
4.791988137526148606e-01
4.425893471009849089e-01
5.731244024653109337e-01
5.385068252210586381e-01
5.823785207595485458e-01
5.441881860853691188e-01
5.361626621269470760e-01
5.370041913718904825e-01
6.116370867944204148e-01
5.371762596318681027e-01
5.829345669169589961e-01
5.568520591234321637e-01
5.627177455223555391e-01
5.669785323990713666e-01
4.825583308505652091e-01
3.811129549333129862e-01
5.174175949713343270e-01
4.388035233880263064e-01
4.417504824101294303e-01
4.537199468308862893e-01
4.356373830593640584e-01
4.915477214176740550e-01
5.307077736537936241e-01
5.169919194194452228e-01
4.712606382508543468e-01
5.197832797977312014e-01
4.887277200812519817e-01
6.350744818675003733e-01
4.558401497453112849e-01
5.559662379859012793e-01
5.124919244456140888e-01
4.460693365976896585e-01
6.065701541298395005e-01
5.772252295560518220e-01
4.875079928178617794e-01
5.093041802352628045e-01
6.166611897736490322e-01
5.166901926746754192e-01
6.011680041440802258e-01
4.098944002890879679e-01
5.408239066744636725e-01
5.249671172188243862e-01
4.711896713135241832e-01
4.057193013352038968e-01
4.833292081386905692e-01
6.481688337874705885e-01
5.146137926248764982e-01
6.372912295817982908e-01
5.566661993412018727e-01
5.059303944269912812e-01
5.796922805613768936e-01
6.060485559082227081e-01
5.881807561794211159e-01
5.690503049048284412e-01
4.745775225016236609e-01
6.341123197921098020e-01
6.066690120587229229e-01
5.933841741962758709e-01
6.081716228377715971e-01
5.376993128991087723e-01
5.117193670237883962e-01
4.718254802651243307e-01
6.186380811299616589e-01
4.437510091260467027e-01
5.765254315517400752e-01
6.137024221453287742e-01
4.055765274381453178e-01
4.386640198151544601e-01
5.159892559805846490e-01
5.195194425943951977e-01
6.166693586834695040e-01
4.984923556008322709e-01
5.715748933141341359e-01
5.713639854723332467e-01
5.626708548219810924e-01
5.918911010262091210e-01
6.546938629465912651e-01
6.352230283044620895e-01
7.203949005069903988e-01
6.896419707006646860e-01
6.619486984712383837e-01
7.465162611592339736e-01
6.982210800151350538e-01
7.212143784273465918e-01
6.514131691324865914e-01
6.463616350104511854e-01
6.268325122773771296e-01
6.042895265706849095e-01
5.723704892312009296e-01
5.609059344110276513e-01
6.496421509801212357e-01
6.502207019564752999e-01
6.584492006188173985e-01
6.901105149917072801e-01
6.377685432520436848e-01
5.886626623298005789e-01
5.908940549022205779e-01
6.221494030976945089e-01
5.843954723781277227e-01
5.918507811962282483e-01
6.227256883931683307e-01
5.873155970243348900e-01
6.023898662979790819e-01
6.125417535038915062e-01
7.008144804156096752e-01
6.489074848907484538e-01
7.458252130383278278e-01
6.838477943652486735e-01
6.190577510084088741e-01
6.305145404215963811e-01
5.828030372081437482e-01
6.304783043913478879e-01
6.233789740422903680e-01
6.321880532424103416e-01
6.156198285875634779e-01
6.506251736593497981e-01
6.171887919154800395e-01
6.310541713719934886e-01
6.120739847429212954e-01
6.277668439863673955e-01
5.892270118444017379e-01
5.879651066663893477e-01
6.484101178159705769e-01
7.368905658677530335e-01
6.168458589162667538e-01
5.817853016388057075e-01
6.614825504902162034e-01
6.332398589084184959e-01
6.522570731916446096e-01
7.735342455149873953e-01
7.477437816420867689e-01
5.947582366703882961e-01
6.266184448462929213e-01
5.777438868912438963e-01
6.360921907737879799e-01
7.149229709891321560e-01
6.960956014461924246e-01
6.054620780865640484e-01
5.958489834990667866e-01
6.714392991329446447e-01
6.895267435399660139e-01
5.525250371961986096e-01
6.357222247688298911e-01
6.005162433209552120e-01
6.669074475861468398e-01
5.993961776298017963e-01
6.639803123856821143e-01
5.214504369658466976e-01
4.926648404485439170e-01
4.784259928384104743e-01
4.907417183062621202e-01
5.418817303680114605e-01
4.917661196719931294e-01
4.667203158214624503e-01
5.254146123763747678e-01
6.495109732878218134e-01
4.883903283945416063e-01
4.844808553148498009e-01
5.092862463110957583e-01
5.399999512498711018e-01
5.404691565372596873e-01
5.736464762695614450e-01
5.675353519212193998e-01
4.456348372935272639e-01
6.008010178639526799e-01
5.646700656551483233e-01
4.814114298271482961e-01
5.501713905669622928e-01
4.957698394635240424e-01
5.201503339322764985e-01
5.324025083651856560e-01
5.939883311093442364e-01
6.469178852643419075e-01
6.332698714897667669e-01
6.562254170372838757e-01
6.205259340680817637e-01
5.660576386801108306e-01
5.503138547732491226e-01
5.738086757689402351e-01
5.803065496024880643e-01
5.277284076596343576e-01
5.101605811131496582e-01
6.284880168375314158e-01
4.509952704708610760e-01
3.721879539492681244e-01
5.556524354917107278e-01
4.436986682550437266e-01
5.874123636132743131e-01
5.109602167925409999e-01
5.589927930441158654e-01
5.290908681048669404e-01
6.236280360004983203e-01
5.158382038824730342e-01
5.468088054201395432e-01
5.352176356020954540e-01
5.467210415958421166e-01
5.221465533420918126e-01
4.540338190634951032e-01
5.282350877962163072e-01
5.839105285569954340e-01
5.541701258215843140e-01
4.652130334985235538e-01
5.590294183873382172e-01
5.423533910751998643e-01
6.459485924112606803e-01
6.315553457635119106e-01
5.579122426539372404e-01
6.340176789278585412e-01
3.155205888286529148e-01
6.565900639213064771e-01
6.226307376113268122e-01
6.420191826354142428e-01
6.703413217138707303e-01
6.191191191191190990e-01
5.865813303832536629e-01
6.415017619951206562e-01
6.402469135802468791e-01
6.604574262882336733e-01
5.697417137665780063e-01
5.967766391771223145e-01
6.726232353079123483e-01
6.381682938168293795e-01
6.251515503362782278e-01
6.051044942757706213e-01
5.876723395919675186e-01
6.491539528432732631e-01
6.044965924647950350e-01
5.646784468517430655e-01
6.036754113876723338e-01
5.736540888665537796e-01
6.136690372849635811e-01
6.027132211579635523e-01
5.873506489508216744e-01
6.939535727547633259e-01
6.731477136833855512e-01
6.632986785078039960e-01
7.119188931282901533e-01
7.327529489213453484e-01
6.789805633728219769e-01
6.911645633985239456e-01
6.990011784934603289e-01
7.155669048581098091e-01
6.645422357018734294e-01
6.968777181583881708e-01
6.741361009834442308e-01
7.093759898637946870e-01
6.643590612941807638e-01
6.995589299843436581e-01
6.559446878889665378e-01
7.041010301995287435e-01
6.821157550663032865e-01
7.141533687557324317e-01
6.921734820077700689e-01
5.879317651305004944e-01
7.454936083226045840e-01
6.952400486396999035e-01
7.511130055887088597e-01
5.954798537637742140e-01
6.731881981228683420e-01
5.498751267636898810e-01
5.646202728340506960e-01
6.145465103806398988e-01
5.934949757454541786e-01
5.706028071399844581e-01
5.699388132383237382e-01
6.666759278833210844e-01
6.482482066250017105e-01
6.825289873017569287e-01
6.619480421772798717e-01
6.918298255871874192e-01
6.390285127218016115e-01
6.371492165509822225e-01
6.453614927437913984e-01
6.231000277613871763e-01
6.773492973139357831e-01
6.476221479321160324e-01
6.501917406481825257e-01
6.418589648025513350e-01
6.257108043225215743e-01
6.319446648866006155e-01
6.631980947885601774e-01
6.874835404247169324e-01
6.695669754138290353e-01
6.737122408007895080e-01
6.562124110382658859e-01
6.414869773852787116e-01
6.646220015587565033e-01
6.379863114750423669e-01
6.292372768698142327e-01
6.904533595860392614e-01
7.131880312321849935e-01
5.992102307505079439e-01
6.496292171144201211e-01
6.543626338961906486e-01
6.680773649213228582e-01
6.209054733833138107e-01
6.700532537674207534e-01
6.860623445471215609e-01
6.618255619213302410e-01
6.875772384963378947e-01
6.982740823320533474e-01
6.258064516129032695e-01
6.769775578505006219e-01
6.592058938031764015e-01
6.778626122161591772e-01
6.329283684106589147e-01
6.757558718096976502e-01
6.879963869109935182e-01
7.011604710003892516e-01
6.422542416007531729e-01
6.555679651749839465e-01
6.946585171405793568e-01
6.266052637199124309e-01
6.272424961274652988e-01
6.326915489792653835e-01
6.248727177698271129e-01
6.678734694747112677e-01
6.565245841570102048e-01
6.362977788616001051e-01
6.347062952548232495e-01
6.347461756175351022e-01
6.353388938684561005e-01
6.398548498318835653e-01
6.413673194304795322e-01
6.289971221593142481e-01
6.119301272004217251e-01
5.928311065905783606e-01
6.272748949899791260e-01
6.162250175552977938e-01
6.780153932737605915e-01
6.327504029013187870e-01
6.534027551776988574e-01
6.799315687979260447e-01
6.760525832265645851e-01
7.037427964816499459e-01
6.743788532063043073e-01
6.715047214337689363e-01
7.320882232065391015e-01
7.101492094366944618e-01
6.432376692540937579e-01
6.649623524066958780e-01
6.857995221828631083e-01
6.421573784954975883e-01
6.997735313165408533e-01
6.851266992015576651e-01
6.492553438552232103e-01
6.686227213259767765e-01
6.708041432933494752e-01
6.776057443849802242e-01
7.045480524511981146e-01
6.941619094185282890e-01
6.580999463148605733e-01
6.950233918690060797e-01
6.801449079514029217e-01
7.159872982915993500e-01
6.696441060720954574e-01
6.858886433881319356e-01
6.537465693128269306e-01
6.243208335604151227e-01
6.063091923368795211e-01
6.010154076140974411e-01
6.510559006211180666e-01
6.549440204417845690e-01
6.619980820772578545e-01
6.532998152076857634e-01
6.548719360046578730e-01
6.423761788623996161e-01
6.342499489189775685e-01
6.717288976445660031e-01
6.097432163216593981e-01
6.065653249888015575e-01
6.155012510879025456e-01
6.222914259882464938e-01
6.187358422670320435e-01
6.128572149327655705e-01
6.247210376295380119e-01
6.927999167431635463e-01
6.186858027297030826e-01
6.277919069322388523e-01
6.774448909998782575e-01
6.494849164148233100e-01
6.706236340229334569e-01
6.784586709270037375e-01
6.216668942037713030e-01
6.863765373699148853e-01
6.839497475636960866e-01
6.920530797701079928e-01
6.633613447805565277e-01
6.139316257827019951e-01
6.854986522911050706e-01
7.216360895525751884e-01
6.571846489520921653e-01
6.593268131774738805e-01
6.740232128615698537e-01
7.213507496770219518e-01
6.746302021057664078e-01
6.447991167001700941e-01
6.736513141586499831e-01
6.811321664496842176e-01
5.977309619936189700e-01
6.696072920994110556e-01
6.431952848230241271e-01
6.336829353820651045e-01
6.415096907236484958e-01
5.886222103390376104e-01
6.262450476602434701e-01
6.631555102503114973e-01
6.223011517597031306e-01
6.475050306524837707e-01
5.747037359940585510e-01
6.337420861147401441e-01
6.042998868450830674e-01
5.927549407316826668e-01
7.183401283145286476e-01
5.772910512623312673e-01
6.166394581028726840e-01
5.935683548954910904e-01
6.495270754041526651e-01
6.220425026718710004e-01
5.663062297521717081e-01
6.234342280601561370e-01
6.149944632943838974e-01
6.401056126296690296e-01
7.226779898585975470e-01
7.366904452331588526e-01
7.650478292862399332e-01
7.122792045419180651e-01
7.194596528972818650e-01
7.186937600209417631e-01
7.643321318635060146e-01
7.006807556323829678e-01
7.011204294373259982e-01
7.257880785997502526e-01
7.705337485840904055e-01
7.121077552528352062e-01
7.752345139991991818e-01
7.411534110342287152e-01
7.433596554199569661e-01
7.924916283958780561e-01
7.769793745841649946e-01
7.075104841784216614e-01
7.017800366682912516e-01
7.152682128556352437e-01
7.315061382921105304e-01
7.053210222718538924e-01
8.037364460847423731e-01
6.556921401309447894e-01
6.397066055875605395e-01
6.157144609742322139e-01
6.545353090706181876e-01
6.991922982785346852e-01
5.548526798479819222e-01
5.901880409316082599e-01
6.083918689792994217e-01
6.070316509837467844e-01
7.237112983481097661e-01
5.809523809523809978e-01
7.185430463576158999e-01
6.863359005899845044e-01
7.010405053883315141e-01
6.964993846574593084e-01
7.545837759360625174e-01
6.694038245219348093e-01
6.972496263079223100e-01
7.277178587970620782e-01
6.841095239979424480e-01
7.181678411274823315e-01
7.296296296296296280e-01
7.034940291906236487e-01
7.129742388758781857e-01
7.249981073510485263e-01
6.852937481679997056e-01
7.192991913746630273e-01
6.970970970970971070e-01
7.069652070756448081e-01
7.097711032137261622e-01
7.217850257577194117e-01
6.882593667403148485e-01
6.698707095257180333e-01
8.000730041195182052e-01
7.677880228852286271e-01
3.649501351562496332e-01
4.564500914658476405e-01
3.382824915849367842e-01
4.263109622399736121e-01
5.618579879861654858e-01
3.491942793618180718e-01
2.802515969291276554e-01
5.063280357318055147e-01
4.626284811360972249e-01
4.652128803964599157e-01
5.956343936968968578e-01
3.884405734510398833e-01
4.063341079221444718e-01
4.703685572635137868e-01
3.877239583891732289e-01
5.650575319705662958e-01
5.789971156923023887e-01
3.405483773909140921e-01
5.289332776220920795e-01
4.842891239907940459e-01
4.271546445724636043e-01
4.157382346722340305e-01
5.090873997913786253e-01
5.304788287239149414e-01
4.642082724158861917e-01
4.982311751085803375e-01
5.329740019032562781e-01
4.938043550690943140e-01
5.445601853875786658e-01
4.217268480207433945e-01
5.262823247341906763e-01
4.240497240813425051e-01
4.936678602614510414e-01
2.767194264792611214e-01
4.019906877239750043e-01
4.121557735620345331e-01
3.997349939098175930e-01
4.870186255046570212e-01
4.565821434208346963e-01
5.365496665609555960e-01
3.925110615655287849e-01
3.439388265218983887e-01
3.015778748800329589e-01
4.226482156270710555e-01
3.614857145406147332e-01
4.247568508746897842e-01
4.180295834196359195e-01
5.260558491437360429e-01
5.007198390923837117e-01
3.396095763162932379e-01
4.210035673186395822e-01
4.694059444930696601e-01
4.717129297986236702e-01
4.574832241821455425e-01
3.598986274249841300e-01
4.034575115656196531e-01
5.450466261665103396e-01
5.250981202230944334e-01
4.677162004042123011e-01
4.515669515669515910e-01
4.640576537128261458e-01
4.096945941829020499e-01
6.043302940291159775e-01
4.426153602077561589e-01
4.684796106415347050e-01
3.325549956986604272e-01
5.974954992258091346e-01
5.722991117537699068e-01
4.145267791636096932e-01
4.101561995771793590e-01
4.936282937923167635e-01
5.770955501897205853e-01
2.790046883572355196e-01
4.534788273318473562e-01
3.866989705038314518e-01
4.831696732407435579e-01
4.210176324865951281e-01
4.382293042299240660e-01
4.565392287079466094e-01
4.633118482406592409e-01
4.861006466586109132e-01
4.964799130362799739e-01
3.748327567646816405e-01
2.677190852054239789e-01
4.220390185775251823e-01
5.210982478973781307e-01
2.271609210207084228e-01
4.553089278637123538e-01
4.404542776140434879e-01
3.578011270777101682e-01
5.181018157513646027e-01
3.696314682348169067e-01
3.369126937816931400e-01
3.308917894549754379e-01
3.994167617957368188e-01
5.149917806472661397e-01
5.322663375212548509e-01
3.889167157665013308e-01
3.191798333759242601e-01
4.481929524739265980e-01
4.453822929329635527e-01
2.551254445919755587e-01
1.532559492740601936e-01
3.543756758874803681e-01
4.000132193816378079e-01
3.562784222250670596e-01
3.344431450271017625e-01
4.813769196943696871e-01
4.387708505018985128e-01
4.089306784574134324e-01
4.265266604496056324e-01
3.951904946184393586e-01
3.947021830909053230e-01
3.661673718866453320e-01
4.417001490479582904e-01
4.133139104970312006e-01
4.922435111115064932e-01
4.752012161836356441e-01
5.081866427192707203e-01
3.447549904264147758e-01
3.489830574078189307e-01
4.080854179603551901e-01
4.244690485751826392e-01
4.207378610620943760e-01
4.887131171838361432e-01
4.804484154735176316e-01
4.104727155665887084e-01
4.065215837400664722e-01
4.186473203346500749e-01
5.066225341700888452e-01
3.007064207264497080e-01
4.772383439393170224e-01
4.230034409669914397e-01
4.530587522713506732e-01
3.903354802592538531e-01
3.777752013893748151e-01
4.568829346162486260e-01
3.279113761954018935e-01
3.965366456413491614e-01
4.009379885356956774e-01
4.558689814241933536e-01
4.788784553342110284e-01
3.779588823469655634e-01
3.883896231819890521e-01
4.605363516387938616e-01
4.557115498063267212e-01
4.093042218453582515e-01
4.520582057336187121e-01
4.815835334968125436e-01
4.970005739322848615e-01
5.080767841433388998e-01
4.912203739922342272e-01
4.608709879933275966e-01
3.882689832642682304e-01
4.607675996504807525e-01
4.623919569381040318e-01
4.680112261977321664e-01
5.011401638147295889e-01
4.896357452311762559e-01
4.341345983049959556e-01
5.092791845112124571e-01
4.564397592024480588e-01
4.695215147294954927e-01
3.197990646982030727e-01
5.277701711268386608e-01
4.121637854879452445e-01
4.777309971858125781e-01
2.615441615153935029e-01
4.400530316159554922e-01
5.763282379280065815e-01
4.656781166783219850e-01
5.601063104811230264e-01
6.562787530088116661e-01
3.943036264480441200e-01
4.142191357986242384e-01
5.139743777565372040e-01
5.179421526253433772e-01
4.481133373076742199e-01
4.721210196155146699e-01
5.041851509942226750e-01
2.638377898567786373e-01
4.721771117258962147e-01
6.307526881720429968e-01
4.964358937297427832e-01
5.146350536061256031e-01
5.221228237306704267e-01
4.785470345067596165e-01
4.529591153966622263e-01
6.070921985815602717e-01
4.087216821341255191e-01
4.313598345454282557e-01
4.368561131554210553e-01
4.770176885923012589e-01
4.474298653329169539e-01
4.187217361084718537e-01
3.903521634107418037e-01
3.398516028746840778e-01
5.119704854394366844e-01
3.772802133461323204e-01
4.529917958873507233e-01
4.467791921436453650e-01
4.255004432873638609e-01
4.110522043140849013e-01
4.142400622047084924e-01
4.795821602572280518e-01
3.124061706445607212e-01
4.528651274771058333e-01
4.076356380170425564e-01
5.522208706159698055e-01
4.021718636945669223e-01
4.075374795240878090e-01
4.442164891050746633e-01
4.738151483576471534e-01
5.264667364529297400e-01
4.104416450783462955e-01
3.822052069177382383e-01
5.433736448232127092e-01
4.515156205890274999e-01
4.292771795131972712e-01
3.814060406652503565e-01
4.807995179665408014e-01
4.223711969149163137e-01
5.527803086550527878e-01
3.196506811381633062e-01
5.156292316084812866e-01
5.069929540926462197e-01
3.831905789343354463e-01
5.482250043614478319e-01
4.551509733010319358e-01
5.286956505329701850e-01
4.390633904298339996e-01
6.119638249746479630e-01
6.243895791787746896e-01
6.106823205425871981e-01
6.066565374923286180e-01
6.002905587953328848e-01
6.027367566614729721e-01
5.984964006919564206e-01
5.878989207791858185e-01
6.045966160709388415e-01
6.789492902460175783e-01
6.156528219702931404e-01
6.319429353320255016e-01
6.033944873908487772e-01
6.131333094331392619e-01
6.220989553600175803e-01
6.134790571877677401e-01
6.232635765555105678e-01
6.755930387302239160e-01
5.755722077339943121e-01
6.134315440654660723e-01
6.014189628565604906e-01
6.180278337306088776e-01
6.003693215744514422e-01
6.332482336025874181e-01
7.071276683056448853e-01
7.158946560436050266e-01
6.868537711554776326e-01
6.749208006549518579e-01
6.714943159349620050e-01
6.756422369190624444e-01
6.539219550650374746e-01
6.452515085164667319e-01
6.806411433849522963e-01
6.652126776548710207e-01
6.851824900223393300e-01
6.899027673896783730e-01
6.679115868688179081e-01
7.114222555801321679e-01
6.759401586753156499e-01
7.251440043529654433e-01
7.086754508230194149e-01
7.008782864576339477e-01
7.214822235230691216e-01
6.556881689874016761e-01
6.495439651569694384e-01
6.914887117056641719e-01
6.776053005887076042e-01
7.093200916730328931e-01
6.897055465646162453e-01
7.617481481481481742e-01
7.959854959854959500e-01
7.731670844878392179e-01
7.309227095869952340e-01
7.394729891184961268e-01
7.411182061439653967e-01
7.127430733714867905e-01
7.108808251321737659e-01
7.453816048195117672e-01
7.486804169438899814e-01
7.873439721343626907e-01
7.212995434394230410e-01
7.517485024996456433e-01
7.349482401656314279e-01
7.377833778811591081e-01
7.723751828655494034e-01
7.346283346283346560e-01
7.164477712428084510e-01
7.256210778934503169e-01
7.098670681796054316e-01
7.271980738497869634e-01
7.150477045308387680e-01
7.322907945847170197e-01
6.533408809673992845e-01
6.579826846661930295e-01
6.566519916344462082e-01
6.204335428303425770e-01
6.310506383558887045e-01
6.855661636382301971e-01
6.721383841494713574e-01
6.361184914938334822e-01
6.743124820853206858e-01
7.005929072365655319e-01
6.691813139180320391e-01
6.655643687434608102e-01
6.506454435647652801e-01
7.280916707507759655e-01
6.540426942434367508e-01
6.454978710640285611e-01
6.575563685398283509e-01
6.510922940974875894e-01
6.236530008972490657e-01
6.271918552930710877e-01
6.508239642692129623e-01
6.560656397865700651e-01
6.717553150663904127e-01
6.777613557986008619e-01
6.620100825188227622e-01
6.625295716959146430e-01
6.175426181042659168e-01
6.966644707187684693e-01
6.557241525449847286e-01
6.914340980025750483e-01
7.300510090929253071e-01
6.526604973973395563e-01
6.315898584675447847e-01
6.350253640434062596e-01
6.490719333598410357e-01
6.759133257971829956e-01
5.929042179886305775e-01
6.305105336533577409e-01
5.975392754556618780e-01
5.973096565356323939e-01
6.132577739704317965e-01
6.010510254913535855e-01
6.827506277496268039e-01
6.348553853433489547e-01
6.265390981389528102e-01
6.644443338806242938e-01
5.821759278945223270e-01
6.040973667919330437e-01
6.398072646404744379e-01
6.135940834839712643e-01
6.095207113424420120e-01
6.265725405014028748e-01
6.434011644749949577e-01
6.076832053253432564e-01
6.000734276596345618e-01
6.003665477545154783e-01
6.546276460781188522e-01
6.309007732494585907e-01
6.377269301538410762e-01
6.128971571743790925e-01
6.332859174964438065e-01
6.359727543635589342e-01
6.448107300125237584e-01
6.550200569734317968e-01
7.322723362418581683e-01
6.604820882165539642e-01
6.711147948611686509e-01
7.056333305390225519e-01
6.324327273455049303e-01
6.573939920795904834e-01
6.512521884752987544e-01
6.873770322046184322e-01
6.158122631395385183e-01
5.915908122195220331e-01
6.329501608244355593e-01
5.925953340715330864e-01
6.043301459780513474e-01
6.029336950984596211e-01
6.806456507719736981e-01
6.526276200572277419e-01
6.105364896794827079e-01
6.265422954051503845e-01
6.574740711637622192e-01
6.831134272092249660e-01
6.011678758089211705e-01
6.108827508929298711e-01
6.034412200559226003e-01
6.101202711449588145e-01
6.509614091703643801e-01
6.069295101553165983e-01
6.368021309254997542e-01
6.137561847674353199e-01
6.233435321651953354e-01
6.773272415762421339e-01
6.273832111627135610e-01
6.223983036501662403e-01
6.248378939603754789e-01
6.318547730125517736e-01
6.022510648825631918e-01
6.474171109777197008e-01
6.391876977283376116e-01
6.640434138372942607e-01
6.709535651985419902e-01
6.558000084455892775e-01
6.483209800369418296e-01
6.289934145612641192e-01
6.419391552203502771e-01
6.124179204487953943e-01
6.858743497398959166e-01
6.614385614385613898e-01
6.418558666713746197e-01
6.643149237511715155e-01
6.612594054873687233e-01
6.104436483879857045e-01
6.518070838831597769e-01
6.217078112691366565e-01
6.381032412965186307e-01
6.121495582129439228e-01
6.831948018990715576e-01
6.754900704676489731e-01
7.429415888758909015e-01
7.017579479878470750e-01
7.073386083906051391e-01
7.005511439256048023e-01
7.071605047573586988e-01
7.465006092292139073e-01
7.083868999248591480e-01
6.965945750889134258e-01
6.547520571204666906e-01
7.009842009842010002e-01
6.933716724626718397e-01
7.282561573013195400e-01
7.396122014520346566e-01
6.938814796363889092e-01
6.620269992980560847e-01
7.208514192702896173e-01
7.470891672807663531e-01
6.806681839273482915e-01
7.469071816481510639e-01
7.530569423341292312e-01
7.714152533256839472e-01
7.363100530145872957e-01
7.739037083712572151e-01
6.618181036823290730e-01
6.394977036218824074e-01
6.121006951333893831e-01
6.037347252748759274e-01
5.731132300030278293e-01
6.435863016264476988e-01
5.716455662358632672e-01
6.049490636918748443e-01
5.791715060007742721e-01
6.040377707567027299e-01
5.848963515038619887e-01
5.996236878272981352e-01
5.950159483821630957e-01
5.897673961372233986e-01
5.551149496447206344e-01
6.045116978729625501e-01
5.672069488479704047e-01
5.805360722091531533e-01
5.977753151760449857e-01
6.038522034510032110e-01
6.123369324940102221e-01
6.077752471234897369e-01
5.657706169032507004e-01
6.471488208423491484e-01
6.069258397382240044e-01
6.134122075523132933e-01
5.894988299141753485e-01
6.145801236269512469e-01
6.343413759256808504e-01
5.806139895853499322e-01
5.544677910137181254e-01
6.298378267355704274e-01
6.664699807619881566e-01
6.566503610528767743e-01
5.208446322540986051e-01
4.779017079121645195e-01
6.561670655004618880e-01
5.590224157614804845e-01
6.139874626556438564e-01
6.334890240760790991e-01
6.208206355096975715e-01
6.370088999835527011e-01
5.366594010727633313e-01
6.376778007859880137e-01
6.329003435135998057e-01
6.346547343331909730e-01
5.754845519470900284e-01
5.507370427489525211e-01
6.196465951265879291e-01
5.761117618665276829e-01
5.599258982238966009e-01
5.394548746576961484e-01
5.525670491568284159e-01
5.873535054339545924e-01
7.107729321452729288e-01
6.412113003147741352e-01
5.014713969203329347e-01
5.638813130526417750e-01
4.800135217777267149e-01
5.143819288839590609e-01
5.540096958382095815e-01
5.277881606178703722e-01
5.591661458541625773e-01
5.274506997714765166e-01
5.299953831439161434e-01
5.186233120857607348e-01
5.467739395609266806e-01
5.570603607285088410e-01
6.057049579808450046e-01
5.395667247406202849e-01
5.107623483460211888e-01
6.214995766380712050e-01
5.381816114507173010e-01
6.488643292902447346e-01
5.393696346735767921e-01
6.583404543373536644e-01
6.196159591023685520e-01
5.769456852023515658e-01
5.610566701693506797e-01
5.877565852167988547e-01
5.224473345536312374e-01
5.698498464733182667e-01
6.110640614602866894e-01
5.739797514983955296e-01
5.613015054277411542e-01
5.453080022211899136e-01
5.707112373235426750e-01
5.803570127504553700e-01
6.743099112408681428e-01
6.200155287159029305e-01
6.573486187238397616e-01
5.384607426259867546e-01
5.434602493126953204e-01
5.357712602705752003e-01
6.159697602892494350e-01
5.810150734083951996e-01
6.431910866193484289e-01
6.473385954260271191e-01
6.327998902226671385e-01
6.014154927198405165e-01
6.528665345462523195e-01
6.006315599152962648e-01
6.341732283464567299e-01
6.226898643934054567e-01
5.980457956740847791e-01
6.169271190072707078e-01
6.665359477124183085e-01
5.969047531599004364e-01
5.993181551001214302e-01
6.170886827505791539e-01
6.119421954713618605e-01
6.434548049999905261e-01
6.446203498417667488e-01
6.181243566105292242e-01
6.306072597617052855e-01
5.884854922472786409e-01
6.360072620202010807e-01
6.346325223933921844e-01
6.402305932972722768e-01
6.939088692132838743e-01
6.628244418037401164e-01
6.473379030516149824e-01
6.416430479379280349e-01
6.429284493034539416e-01
6.407483365507925521e-01
6.857080688332751750e-01
6.613124028116560416e-01
6.469427191166321478e-01
6.980498920636203364e-01
6.675532877356783468e-01
6.978422713735648042e-01
6.093546396928517517e-01
6.384065360669617384e-01
6.787559164591855376e-01
3.260727555546544254e-01
3.916481129942740447e-01
4.057247268920323724e-01
3.907808642120252363e-01
3.447971728360522126e-01
4.707784462825107541e-01
3.717109258546109074e-01
4.075198501986489474e-01
3.952125196029866450e-01
3.643952304057787583e-01
4.102246215827281550e-01
4.930009672030247203e-01
4.584345594522690748e-01
3.576178453659248357e-01
4.132109188145745016e-01
4.068708280351228668e-01
4.264952417634886306e-01
3.742267435445562063e-01
4.001437019937701400e-01
4.654048482208285598e-01
4.055846162345401185e-01
4.267365384244036219e-01
4.653412094703304747e-01
4.824913950750190916e-01
5.919695417817644190e-01
5.237244014016042559e-01
5.314000340502809117e-01
5.499131418413929495e-01
5.223032149448268990e-01
5.592856503380573274e-01
5.586883090609831015e-01
4.714602987223658337e-01
5.915355219242608431e-01
5.869471503344116936e-01
4.993425423764629723e-01
4.628634162959192055e-01
5.366721576706158237e-01
5.461030006848764939e-01
4.889576010412339802e-01
5.406301901565188084e-01
6.923457226552233168e-01
6.769037141675517955e-01
6.902382729582474674e-01
6.534706866106154699e-01
6.259350243236034839e-01
7.045154669403312919e-01
6.835233820967905327e-01
6.900944443775547388e-01
6.777191935792049593e-01
6.644733858345419630e-01
6.617163250489637161e-01
6.399958362624010855e-01
6.788356523077582194e-01
6.630331627195643618e-01
6.450517919836301628e-01
6.978962375852750810e-01
6.587757027289292688e-01
6.777946028640625675e-01
6.360100806024445719e-01
6.637836414211604197e-01
6.814663682446049364e-01
6.519468806515533732e-01
6.612989011890861857e-01
6.493629158028084714e-01
6.743590729884539892e-01
6.515975768319399730e-01
6.387698335173020991e-01
6.573873032481455381e-01
7.763476947277641038e-01
6.746011331742558514e-01
6.618284738886871521e-01
4.372937690318702275e-01
4.474999854363771457e-01
3.889584609049359099e-01
4.051126971016839051e-01
4.669941639111001019e-01
4.382885922056998784e-01
4.740335137371878282e-01
4.827690642852349168e-01
4.422543250885984101e-01
4.194979502786173597e-01
4.402848798974839939e-01
4.843722859531720548e-01
4.856171723457349265e-01
4.356065718017422816e-01
4.943314791806626141e-01
4.719155464148425128e-01
4.885325736624073212e-01
4.146710963455149668e-01
4.740253763907304463e-01
4.213227195051593710e-01
5.550048644272733700e-01
5.913688447463945064e-01
5.831916031741545270e-01
5.867809693863709208e-01
5.689997178646272191e-01
6.961508046444296882e-01
5.945969742283426784e-01
5.688592421523680498e-01
6.518465684084634448e-01
6.235930769349534719e-01
6.170958717885260958e-01
5.792953235105701149e-01
6.030143525313250707e-01
6.160673037912909322e-01
5.802960888903732073e-01
6.191143207095525236e-01
6.057376391444264652e-01
5.524413325897271632e-01
6.171195751027683807e-01
6.088087798892729552e-01
6.095369987159487968e-01
6.023677202529531538e-01
5.974568427767391610e-01
6.058570491227900368e-01
6.031681934605533923e-01
6.038140884570765143e-01
6.155714829134284471e-01
6.037858292226985224e-01
5.855178781349497097e-01
6.008172467239678571e-01
5.311000286044524898e-01
5.615177616619934087e-01
5.458186416769934546e-01
5.496460859867245974e-01
5.225822116679227358e-01
5.667097208871815228e-01
5.690468703214699442e-01
5.917876426282809854e-01
5.411311953954507370e-01
5.435752812578228399e-01
5.557428059880330506e-01
5.349319479148754164e-01
5.652044229744949133e-01
5.913264566565644698e-01
5.361921567614159612e-01
5.113051159268158230e-01
5.635802288526197135e-01
5.711400117398325316e-01
5.443488854430206247e-01
5.516025600944005625e-01
6.457920578861228167e-01
5.260438784488404851e-01
5.652693650883349186e-01
5.587756691941623277e-01
5.318411141823284893e-01
5.620234453456687262e-01
5.807458476708031725e-01
4.900497512437810843e-01
5.130432436623408865e-01
5.728553350086530438e-01
6.599954326272285954e-01
5.559249596194613119e-01
5.573035592141662997e-01
5.517495441093180908e-01
5.481431733994203137e-01
5.690559168371974730e-01
5.667392689188899269e-01
5.894273509284820856e-01
5.581552687404223168e-01
5.605454565379207610e-01
5.273819400091821485e-01
5.618504563069035562e-01
5.587075393589743255e-01
5.654290240692287917e-01
5.642143862684938505e-01
5.624407307167438308e-01
7.196721311475410277e-01
5.859918942480210058e-01
5.793701004464125726e-01
6.149744525996763134e-01
5.599787947053578296e-01
6.010513498189462567e-01
5.574596550753434521e-01
5.550088163693668308e-01
6.369431676521762897e-01
6.089792069936825758e-01
5.841719108765934809e-01
6.035988786824965091e-01
6.217535034120970083e-01
5.955624041937703783e-01
5.676431781189197334e-01
6.555173288590967484e-01
5.641587729184908140e-01
6.179640229493102987e-01
6.222465181343345142e-01
5.701433787302182532e-01
5.789820852471380119e-01
5.915638816124908494e-01
5.523162833697446983e-01
4.818622674196263445e-01
6.205446302378254675e-01
5.883454830515720824e-01
5.954567104795092103e-01
5.612483957949916391e-01
6.141880567801919488e-01
5.573044960061502850e-01
3.690355645191675804e-01
5.559754268483606543e-01
4.865846710170140810e-01
4.499067379622717078e-01
5.269481459025769921e-01
4.118566837524942348e-01
5.343081612790319124e-01
3.904168038390568030e-01
4.653037023355868218e-01
4.863437603507372864e-01
4.113980645345754472e-01
3.494981322049681149e-01
5.133758242335925148e-01
5.063923131639614938e-01
6.035656945322679379e-01
5.881066220239333786e-01
6.049833772066117721e-01
5.618342394546507190e-01
5.373594853725464082e-01
5.163014907938928699e-01
