5.639139362768453845e-01
6.119243903554539843e-01
5.949284444108726699e-01
5.726742656830789979e-01
6.523307610264131862e-01
6.921430885437092062e-01
6.548328090739969909e-01
6.698382364827552005e-01
6.554384205400703989e-01
6.868596754404465710e-01
4.927795390742023551e-01
4.475427095823450996e-01
4.608969323335908586e-01
5.578355867272537516e-01
4.718122620235474796e-01
5.215574659214622377e-01
5.549929830058222269e-01
6.182602321695221947e-01
5.201380447544246000e-01
5.975916068194225828e-01
6.341459222931213890e-01
5.735216023746952940e-01
6.141674692141034786e-01
5.642063200032182424e-01
5.677240231058967579e-01
5.989659230370627530e-01
5.602536423708086577e-01
5.699684633993474803e-01
5.709230658835773298e-01
6.014550802603539914e-01
5.803586215903233647e-01
5.244059761136917741e-01
5.284233183091988639e-01
4.712635875240533956e-01
5.133273487450992212e-01
4.706435290921654468e-01
4.993032268730627776e-01
4.863526950593793363e-01
5.527130823625342471e-01
4.796750410806355780e-01
6.159106546480788147e-01
6.140943036464048266e-01
6.075138808595161866e-01
5.897703932943846317e-01
6.413739266198282829e-01
6.408430172018826365e-01
6.521636258478363812e-01
6.111771781127026681e-01
6.168070175438596925e-01
6.112619330973616538e-01
6.776180341747377600e-01
5.875403624643066314e-01
6.375544674690758473e-01
6.110351633588503306e-01
6.399215851011692546e-01
4.869427540301438095e-01
4.918290602610692619e-01
4.735348590333886554e-01
4.686260057886013630e-01
4.515714895114916194e-01
4.653334839754453278e-01
6.585749081915688308e-01
6.516871296071264918e-01
6.361738093042546005e-01
5.882371180883083639e-01
6.050460270191806433e-01
6.382831620605060596e-01
6.774044998026402808e-01
5.549376181398050223e-01
5.117902879384753634e-01
5.661078402053696390e-01
5.568241562216890150e-01
5.487323544686275589e-01
6.304651657399811260e-01
6.082730650201501055e-01
5.885922955049434080e-01
6.688940688940688828e-01
6.324352484271238417e-01
5.866346868946250570e-01
6.572533394155269937e-01
5.918316869367702404e-01
6.367113412011741191e-01
5.639812725882134004e-01
5.382748347627467345e-01
4.008592410243703719e-01
3.799614445205093394e-01
5.188725588416885914e-01
4.956904277302137674e-01
3.589141937722072906e-01
4.427989009750161187e-01
5.721351525416558115e-01
4.700187757208958428e-01
4.153920557252741008e-01
3.758778782923377082e-01
4.830253398591947689e-01
4.512641666733481216e-01
4.531015513674473416e-01
4.795011265768134856e-01
4.802313723309600269e-01
4.650317401745054924e-01
4.920456411063486302e-01
4.823863665746475626e-01
7.063601149568912163e-01
6.699622297746649080e-01
7.235519357208050062e-01
6.738556795279353473e-01
6.960374832872299189e-01
6.828680301734193492e-01
6.841092604341204586e-01
5.984623582248610463e-01
6.266450916936353588e-01
5.866231983648710901e-01
5.829389666780504520e-01
6.360581166406409359e-01
6.205388636957621662e-01
6.489356024245350740e-01
6.562719171040363175e-01
6.775180948316893437e-01
6.341989834992689534e-01
6.673399873257287451e-01
6.739825462849685644e-01
6.331106928168073189e-01
6.442487417499486169e-01
6.828263553709731370e-01
6.289030230833312363e-01
6.261252710032740865e-01
6.175693412136089577e-01
6.332610420841868759e-01
5.751631046119235480e-01
5.901048479817022629e-01
5.328787252605959868e-01
5.363028862211209891e-01
5.044561064924100169e-01
5.570443760106759123e-01
6.315284837227204129e-01
5.473954189459556696e-01
5.780692194371994663e-01
5.920203428753129105e-01
5.381192628664799305e-01
4.707381245553879379e-01
4.743063270328068404e-01
5.495860568403031499e-01
4.315613012063292397e-01
5.007809865757451018e-01
3.872447968911735261e-01
4.671051017049687726e-01
5.813377835569437657e-01
5.226191638465275124e-01
5.058314076925497504e-01
3.968697305416727938e-01
5.352369497054513259e-01
5.828247590365233100e-01
6.202367001246738010e-01
6.239186974189268042e-01
6.620973182514918731e-01
6.238563977119405690e-01
6.725796432691454330e-01
5.853084220868225440e-01
6.273957967618869480e-01
6.189176900754310706e-01
5.860062446778313561e-01
6.662622771510123831e-01
6.257567418822234107e-01
5.962478490752449733e-01
5.858967173877602796e-01
6.223755135889027512e-01
6.677099989793487955e-01
6.022903351533176464e-01
6.964413542387574152e-01
6.392364349358969910e-01
5.508969929610956218e-01
6.399002870727928949e-01
6.602158437829768189e-01
6.458443304582016653e-01
5.525254299680077974e-01
5.535555081371043018e-01
4.342053656993016819e-01
5.097650290821333918e-01
5.883779174286897229e-01
4.962386899688737141e-01
4.954614780289754439e-01
6.033125454611920624e-01
6.381628331671465038e-01
5.771068102560006352e-01
4.991859439825516165e-01
8.412108853445974255e-01
4.512646939055297013e-01
6.231871837119483670e-01
5.478241001404812183e-01
6.242143542889906360e-01
5.255514183558779306e-01
5.906413563729295824e-01
5.649270285537179026e-01
5.318289846612496152e-01
5.573356030515099757e-01
6.814601486732634328e-01
6.179068136865196736e-01
6.137579325475909231e-01
6.317286343890441414e-01
6.238708665717850321e-01
6.540375634863824228e-01
6.687157659943758770e-01
7.130081518502642268e-01
6.533844797240053737e-01
6.340805870760988228e-01
6.913905598397968033e-01
7.684325956307499483e-01
5.736791901289270967e-01
5.945895914768297708e-01
6.778393446087789265e-01
6.769228243224043595e-01
6.772689675915481988e-01
6.075155379585818194e-01
6.196754108681669093e-01
6.612127803786195246e-01
6.512673676842166692e-01
6.632652023737303226e-01
6.406403472726657222e-01
6.301572425345812745e-01
6.801245127696280424e-01
6.747140354318724720e-01
7.039733661727481939e-01
6.851172273190622164e-01
7.008133043459811029e-01
6.953295408459658766e-01
6.269586115457478348e-01
6.284161042209465142e-01
6.184859283250235817e-01
6.151981221513967979e-01
6.420179372932190986e-01
6.255032439718579695e-01
6.458483340114323790e-01
6.671672637090106939e-01
6.735570825914291015e-01
6.736930246803842781e-01
6.496340187960001344e-01
6.855829077087360890e-01
6.562959571392578129e-01
6.797651090009101393e-01
6.891794344718789045e-01
6.702102511004336405e-01
6.076003306752537636e-01
6.488826442575075237e-01
6.344024193099637721e-01
6.048770957516339530e-01
6.517057087399292792e-01
6.452155344988655949e-01
6.286302002784099896e-01
6.398256658595641300e-01
6.582659488003932413e-01
7.108697944122298606e-01
6.371110321183933722e-01
6.548366461647208148e-01
6.657362021167940735e-01
5.962867917507999049e-01
6.575740816846437076e-01
5.764938824167628040e-01
6.581161564356952098e-01
6.712130134692708694e-01
5.583016898830642782e-01
7.168252144864313280e-01
7.159055072962358102e-01
7.022504074524058559e-01
7.488257004458733768e-01
6.925570228091236791e-01
7.370928717662386109e-01
5.572129044255129671e-01
5.293187210484691096e-01
6.405102581573169918e-01
5.351989026063099786e-01
6.740846761860208591e-01
6.648109172381017062e-01
6.665774787860255790e-01
6.665804309847979114e-01
7.446751387148737855e-01
6.887160771545202120e-01
1.897609392213858992e-01
2.174274031176702537e-01
4.014904445287278412e-01
5.273111790513165253e-01
4.345665097846684310e-01
5.668204148904348871e-01
4.690771220396367513e-01
5.145107648941841250e-01
4.846267597977438890e-01
2.730813318845365933e-01
2.763052766136352423e-01
4.007695686097753618e-01
3.688642659279778302e-01
4.500762696553054498e-01
4.812406945330936492e-01
3.754955809802836830e-01
4.241927626103907389e-01
4.031108517383140133e-01
5.079446266887679418e-01
5.422278538378318968e-01
4.897831661850469143e-01
5.608561122598237914e-01
4.373416920932486907e-01
4.862265365482166812e-01
4.133980988255397948e-01
3.965839659105845350e-01
4.518358851930140418e-01
4.273277444454006146e-01
2.405554743848426491e-01
4.486617713489738368e-01
4.540833336217507954e-01
3.921492632637045284e-01
4.680692041749752175e-01
4.874130297280202528e-01
3.779674923324511937e-01
4.962169469460497306e-01
3.567293668376416149e-01
4.469436734440886960e-01
4.960740492734568852e-01
5.132944417650660007e-01
5.632672136345322489e-01
3.267787663728596859e-01
5.080413996933346166e-01
3.858191717752708638e-01
4.985594014789188622e-01
5.704547945052732549e-01
4.141998410541977704e-01
4.563608028965133734e-01
4.484989364486871022e-01
3.815710201308268879e-01
4.563214114026907797e-01
4.368159252553792671e-01
5.492040476847365182e-01
5.549848646067997437e-01
4.145150710000511940e-01
4.795540423471224556e-01
4.828455276218593384e-01
5.954407952742493126e-01
6.009140155981000930e-01
6.083336872618407831e-01
6.084081349035093123e-01
6.259058272187832950e-01
6.375607646234708881e-01
7.024716427589600132e-01
7.066183597317636789e-01
7.107414663389574061e-01
7.341005363674478756e-01
7.166037629958048605e-01
7.026036830327879734e-01
7.073340636027416473e-01
7.184650591842788314e-01
7.074015353359793812e-01
6.915515277571435693e-01
6.858905897709742794e-01
7.344208163672312217e-01
6.961869618696187034e-01
6.055376591501764327e-01
6.899149961180897073e-01
6.708093231272038715e-01
6.495008093037853980e-01
6.449877515730823019e-01
6.145126206200989261e-01
6.666423251058858357e-01
6.663350864585571021e-01
6.700130025840161929e-01
6.714978120181072097e-01
6.815619315214063167e-01
6.493669411917201151e-01
6.971892205157925737e-01
7.004695630488921854e-01
6.860362958661382349e-01
7.111789181692094175e-01
6.916450157254204756e-01
6.457457989534303167e-01
6.119764106508683854e-01
6.227047458788322887e-01
6.525619271448960257e-01
6.145540469736573419e-01
6.062907137701044613e-01
6.152616227993112918e-01
6.121754852450609352e-01
6.274915635545557091e-01
6.040244871634649071e-01
6.473686801555653680e-01
5.812955862672785079e-01
7.252721856136107315e-01
6.892560561077406556e-01
7.606088992974239238e-01
7.131758363722847660e-01
7.036106458217010751e-01
6.947896135529577633e-01
5.902485399972836611e-01
5.671337546751504810e-01
5.827962490231072268e-01
5.661344983086905591e-01
5.770248474614801948e-01
6.007483831212185876e-01
4.651003203111652162e-01
5.892694671127224337e-01
5.214669056699846594e-01
5.965376200108967186e-01
5.514779402511461592e-01
5.962515812601255627e-01
5.726841220516152298e-01
5.181511415789479269e-01
5.529058497199503819e-01
5.006835022387570167e-01
5.689495189506621475e-01
5.673336894412736031e-01
5.644797021286903638e-01
5.401579420203674875e-01
6.214163754447225019e-01
5.576991914948208340e-01
6.793107896063866891e-01
6.400050635722506209e-01
5.237564612459350011e-01
4.827450768432633432e-01
6.530519063826994985e-01
6.182941736375159314e-01
6.358089842448982898e-01
5.996716172422138502e-01
6.643997181631590143e-01
6.667820394085215430e-01
6.310329271122653294e-01
6.770690131320998839e-01
6.811846536531361851e-01
6.984746619945404467e-01
5.722750846669427682e-01
3.721215783586407366e-01
4.779408440085186616e-01
3.707895844916875849e-01
5.365716776928572962e-01
4.208911458158754448e-01
4.374306232248376669e-01
5.400356489078480537e-01
5.105991793663466893e-01
4.653709661485651017e-01
5.431876316034728314e-01
6.680079077986174063e-01
6.994788345009812502e-01
6.993913772220404779e-01
6.866255613325253915e-01
7.018391533428138818e-01
6.837563550655472167e-01
7.002395619046254405e-01
6.426286707232563566e-01
7.025127806153909082e-01
5.926099682534353708e-01
5.531882064630546658e-01
6.313262157580065148e-01
5.843296492959036970e-01
5.737822129655296699e-01
5.343605074546778910e-01
7.088216153322333124e-01
6.032811348050605149e-01
5.788602003319560652e-01
6.289455876247593835e-01
5.905022555048320410e-01
5.986466051731086369e-01
6.084260916366809324e-01
5.031349616186381324e-01
5.128034952588133022e-01
4.927631967791907819e-01
5.602731865882480955e-01
5.557104432917581160e-01
5.631325899830916804e-01
6.626896089862728267e-01
5.855700913648531625e-01
6.283263623689155919e-01
6.511256570923725784e-01
5.809730079496558952e-01
5.032129855039231270e-01
5.855992902937604550e-01
5.627430991721110720e-01
5.631575949488407673e-01
5.470623600513025986e-01
6.089934747493325196e-01
6.066280704423446801e-01
5.483585405725178719e-01
5.421143734549533910e-01
3.838538477240253100e-01
6.833458364591147305e-01
5.156547955077228629e-01
