1.138742744341659474e+01 1.140993273651280226e+01 1.146957002315601848e+01 1.170605055798543503e+01 1.149861046908630868e+01 1.171045528608747865e+01 1.140126738259903050e+01 1.151382563403403836e+01 1.149740571054357652e+01 1.146924480827552983e+01 1.139480329405392034e+01 1.136767936264697987e+01 1.144122721606049531e+01 1.138712795446363835e+01 1.138400419980933798e+01
1.142848456746165020e+01 1.138353327482228217e+01 1.145562516740552894e+01 1.167840807742538445e+01 1.148708668578509595e+01 1.170708977225482172e+01 1.137019638786874687e+01 1.149084671071671870e+01 1.145355812951852315e+01 1.147316195080042611e+01 1.135717083452549225e+01 1.135529115694133395e+01 1.143104207677611939e+01 1.139045589235401756e+01 1.136627535453036053e+01
1.150639169091803637e+01 1.145223466472190310e+01 1.151541307521242175e+01 1.183495304563917649e+01 1.164007287486205655e+01 1.177302678343794895e+01 1.149237257379444976e+01 1.160398422156210430e+01 1.156794725357881326e+01 1.152591698417656474e+01 1.150232657596257368e+01 1.145596949173870982e+01 1.150282827427761845e+01 1.145786549283271860e+01 1.145630747494643309e+01
1.154957356414264602e+01 1.147199406933024335e+01 1.153979947363900926e+01 1.184716917172327832e+01 1.167816314823687840e+01 1.181847304830278489e+01 1.153057620587223475e+01 1.166227864061090358e+01 1.157058024173503519e+01 1.156375029716073755e+01 1.152299461798609670e+01 1.149196523732280184e+01 1.155684542649890467e+01 1.149225484504094474e+01 1.148938914455621685e+01
1.127328104692935895e+01 1.126248695900067531e+01 1.136571696094061679e+01 1.159228540565031729e+01 1.141938952525365991e+01 1.166185145215697183e+01 1.131919451918670205e+01 1.138291174092446134e+01 1.131111564960712279e+01 1.131101356993340268e+01 1.129540966714038852e+01 1.126563086897472843e+01 1.132771151098073226e+01 1.127870123484468756e+01 1.125238134050381156e+01
1.137110161384146245e+01 1.129667892778251392e+01 1.138091658382440485e+01 1.164623334675970057e+01 1.153416493956388855e+01 1.170558463439531849e+01 1.135084394758507464e+01 1.147090810637116221e+01 1.143180804884521784e+01 1.137789294927345907e+01 1.137514223800129898e+01 1.129707241597121126e+01 1.138970811181799192e+01 1.133501028607848937e+01 1.129917783572054546e+01
1.128030179294141710e+01 1.125812369851943551e+01 1.124041937502918742e+01 1.158720689918861524e+01 1.137766951846032271e+01 1.148268659593644614e+01 1.124073534953035924e+01 1.134377171400490170e+01 1.129468663259183359e+01 1.123898716788703567e+01 1.129985977197786795e+01 1.125279499277567652e+01 1.128026985838296881e+01 1.124847877835117238e+01 1.123545065490590922e+01
1.145376924721828438e+01 1.135366995076888053e+01 1.142263932090848577e+01 1.176332150160464707e+01 1.159284125071146399e+01 1.169883675458391536e+01 1.140407825777586659e+01 1.152369431678555323e+01 1.146556445659586032e+01 1.143498131484333058e+01 1.141233261898922180e+01 1.135048357347148063e+01 1.142298823341512382e+01 1.139130516270005344e+01 1.135749065485605946e+01
1.148979622259548350e+01 1.143820421890669259e+01 1.147937557181729851e+01 1.177969462540337986e+01 1.161048784452380644e+01 1.175611774372922547e+01 1.148191880678709431e+01 1.157977785853394259e+01 1.151396438331878436e+01 1.149511564949234099e+01 1.146160430281007692e+01 1.144571713142057234e+01 1.149012069700008531e+01 1.146885685080984452e+01 1.142712317402167521e+01
1.142286797219616012e+01 1.139535370563459615e+01 1.143621542239656996e+01 1.170301772251898242e+01 1.157642832088282070e+01 1.172521828801141552e+01 1.141102729275266370e+01 1.153300526699602990e+01 1.147040786580136817e+01 1.146227698706898401e+01 1.144487159027325873e+01 1.137328810556972591e+01 1.144719673626329737e+01 1.142229144322782375e+01 1.138251166761986433e+01
1.151867747259360719e+01 1.147185375708004251e+01 1.149606027096689687e+01 1.180790932024292239e+01 1.165797639506932803e+01 1.177384135660846276e+01 1.149201312550706611e+01 1.161214843707581679e+01 1.154748335430136841e+01 1.152780257511268580e+01 1.150753833985979746e+01 1.147221431012827608e+01 1.151126807784315709e+01 1.146119225292795463e+01 1.147365097916743082e+01
1.153229168749802191e+01 1.146405870404776550e+01 1.151618141797591655e+01 1.182681326631744234e+01 1.165635401484533951e+01 1.178752810975546517e+01 1.150171533501420384e+01 1.159364448591395735e+01 1.153744518479605752e+01 1.153438846604624146e+01 1.149759051222442174e+01 1.147660829543445615e+01 1.152426189068694029e+01 1.146496383404538832e+01 1.147034322395719919e+01
1.138692955694078002e+01 1.134371214570028208e+01 1.142976467579220312e+01 1.168893806848486427e+01 1.149816479568491623e+01 1.173305078947384850e+01 1.135926587215627315e+01 1.149440833706519527e+01 1.144765896618750389e+01 1.143134145814064340e+01 1.135293258347243039e+01 1.133217425257342725e+01 1.141090154044824168e+01 1.134813256029612205e+01 1.135226029905614453e+01
1.139212158986528500e+01 1.136806966601141688e+01 1.140969237236245881e+01 1.164141000434491957e+01 1.145742834255427489e+01 1.167287427908123831e+01 1.139310870412958998e+01 1.150411731052215991e+01 1.143666952404406700e+01 1.140890166939731465e+01 1.133086690197481161e+01 1.132916008583095646e+01 1.143309517464330582e+01 1.134573551274440462e+01 1.134376306646039900e+01
1.141717031335135601e+01 1.134439307178597289e+01 1.129788098482180736e+01 1.171418762225603771e+01 1.145886345631777736e+01 1.158797326639075997e+01 1.139546087462471391e+01 1.146576756465153402e+01 1.137552406843146535e+01 1.135530070761330457e+01 1.133403114679764556e+01 1.136529729061299321e+01 1.137949220872970635e+01 1.137555307208401700e+01 1.134826476452520261e+01
1.149912531684014461e+01 1.142727893515053772e+01 1.147196593409116439e+01 1.181056674249534844e+01 1.160946335863465428e+01 1.173316363937370888e+01 1.146046069142756885e+01 1.158395012644093747e+01 1.149554768321803166e+01 1.148861539041884328e+01 1.145300810783059831e+01 1.143462150308371328e+01 1.147257203505935585e+01 1.144127467265850484e+01 1.141015999723934016e+01
1.135739348149706984e+01 1.130721493079196449e+01 1.132302841711371144e+01 1.158794816765164803e+01 1.147442263705800336e+01 1.167734451024231568e+01 1.133352356090173352e+01 1.144676298888740540e+01 1.135844836843860861e+01 1.139868081346929607e+01 1.130021223405964470e+01 1.130284802198169025e+01 1.135790898709580077e+01 1.129492303275545062e+01 1.128817172032115046e+01
1.138233592797372573e+01 1.129736664867046514e+01 1.142041167974798910e+01 1.170237521293022276e+01 1.156303405909179816e+01 1.173735210620750102e+01 1.137604477640556944e+01 1.150767166938342889e+01 1.147456686817013427e+01 1.142095509823344024e+01 1.137369713846124775e+01 1.134068731433461608e+01 1.139441526026174500e+01 1.135212569054330878e+01 1.131703602691370314e+01
1.135450138084176785e+01 1.132748892468369739e+01 1.131848527519609071e+01 1.169927742782344282e+01 1.149984874922213862e+01 1.160178697208654874e+01 1.133137852137536505e+01 1.144603130672670055e+01 1.142264470192785097e+01 1.133588706917040234e+01 1.134763086033986390e+01 1.129006238323130695e+01 1.138269536570171603e+01 1.129488483104087138e+01 1.131625932797116896e+01
1.147034730346359588e+01 1.142271272887734135e+01 1.148056349292446043e+01 1.178883062728944786e+01 1.161802161314944293e+01 1.174359836874534224e+01 1.145800393021908192e+01 1.155388992442436624e+01 1.150815197164488346e+01 1.147553216133124820e+01 1.141980258856296615e+01 1.141178026018006975e+01 1.148061017263551697e+01 1.141147695627746472e+01 1.141788754640927372e+01
1.144970611826834173e+01 1.139108042245655916e+01 1.145530835846074424e+01 1.174203292730143744e+01 1.157568622936273428e+01 1.172832502114271058e+01 1.142515494054384639e+01 1.152197875153217765e+01 1.150543791627169377e+01 1.150241575774943570e+01 1.143966115657340055e+01 1.141532926555274940e+01 1.144434044384644444e+01 1.140958672075846181e+01 1.140206245427533105e+01
1.146765774384300407e+01 1.140236092162847825e+01 1.147284105957539069e+01 1.175513520462035189e+01 1.159603346010693237e+01 1.174643950448792928e+01 1.144152283914037227e+01 1.156595166540826192e+01 1.151406301561701007e+01 1.148735053505829740e+01 1.142914725879801097e+01 1.141322414452323031e+01 1.145946005538537626e+01 1.141857047517297019e+01 1.140085067629238225e+01
1.149154214581635536e+01 1.142777971487953792e+01 1.143469079101204677e+01 1.176681710776252920e+01 1.156615884677521322e+01 1.170905425695705482e+01 1.144437238440302984e+01 1.156149408236099951e+01 1.148578115502745511e+01 1.146893579168844468e+01 1.144061469514702800e+01 1.140878238099968911e+01 1.145367621299085314e+01 1.139877740689684060e+01 1.140965267929594162e+01
1.152983655603587820e+01 1.146430345656999705e+01 1.150201830264829006e+01 1.180630392348191116e+01 1.163553272186318033e+01 1.176075362370967170e+01 1.147645995576736055e+01 1.160619290017742422e+01 1.154032281401423710e+01 1.150611196702754668e+01 1.148793260632047541e+01 1.146765022738030915e+01 1.150644417557594501e+01 1.145716736802273239e+01 1.145451485118858770e+01
1.143478267324594277e+01 1.141899876544299453e+01 1.146877668833795383e+01 1.173234771548341904e+01 1.155567637792554514e+01 1.174816427355131587e+01 1.142252929839900055e+01 1.153213955296920368e+01 1.149229527244984972e+01 1.149587910433901072e+01 1.142028860155059533e+01 1.139334634566803039e+01 1.144965326116721371e+01 1.139983713115210229e+01 1.140436599464815259e+01
1.142651066091251977e+01 1.137201338367597359e+01 1.146118154213246854e+01 1.171313798929021033e+01 1.153576524514030588e+01 1.174726166901969471e+01 1.138414967625966590e+01 1.150808210562957079e+01 1.146287376746069953e+01 1.145352019812643540e+01 1.147484877970299344e+01 1.137815142052672712e+01 1.142071667847491057e+01 1.140640794184829687e+01 1.139284492546774175e+01
1.149965375888124264e+01 1.145792949226807877e+01 1.149835843854519979e+01 1.179731480268170785e+01 1.164427736863757268e+01 1.177241983603834363e+01 1.148767417054332007e+01 1.159656964699298598e+01 1.152954567826376575e+01 1.151120360156990685e+01 1.146257201062456055e+01 1.146649200537036961e+01 1.152320794011209060e+01 1.146998995789148701e+01 1.144539895368099280e+01
1.151685233116563367e+01 1.145809364058321655e+01 1.150406000656050409e+01 1.179511378087466511e+01 1.163122164597241692e+01 1.178860702219323819e+01 1.148746863332491941e+01 1.159744823723133322e+01 1.155526823326912300e+01 1.154300703382071092e+01 1.147477604980482546e+01 1.146610801148047187e+01 1.151677724366568434e+01 1.147552589592532968e+01 1.144666269171951534e+01
1.141538145402462234e+01 1.135603877573891118e+01 1.143446176589315399e+01 1.166663772753858019e+01 1.150282742188373142e+01 1.171395102550444811e+01 1.139177782836604358e+01 1.152434055590545370e+01 1.144991412242769613e+01 1.146469409333863965e+01 1.137739501329056324e+01 1.135813908776189685e+01 1.145258807032754333e+01 1.138930489885280295e+01 1.136034340552650512e+01
1.147222873589046799e+01 1.140271351596983074e+01 1.152582691879418064e+01 1.173331197118884539e+01 1.160746691850626533e+01 1.177225804305379775e+01 1.146187777618469994e+01 1.158665767040628047e+01 1.154650704321260868e+01 1.151150828538020399e+01 1.146336283278447432e+01 1.141550351291451015e+01 1.148202427135154124e+01 1.144152916437330347e+01 1.140654461172020895e+01
1.154444612326263631e+01 1.149029516792033156e+01 1.153536771953947060e+01 1.183246222996700858e+01 1.168116183389022744e+01 1.181215989722545601e+01 1.153818859116981876e+01 1.163741602335929137e+01 1.158280091967831638e+01 1.154286085910500681e+01 1.150864415723802203e+01 1.148975625631028485e+01 1.154213364149981302e+01 1.149935821140828374e+01 1.149336642602406044e+01
1.149390116767267500e+01 1.143444826703892048e+01 1.149028146795023453e+01 1.174441972848440052e+01 1.161100273646871450e+01 1.178357884542720235e+01 1.147498789784758522e+01 1.158123324170630752e+01 1.149739262667343986e+01 1.149491869429628466e+01 1.145424514204079536e+01 1.143277470966258846e+01 1.149678686876443834e+01 1.143964385916905258e+01 1.143910412980185143e+01
1.144700848629617695e+01 1.139466809434990857e+01 1.142533682006578566e+01 1.172189532759968245e+01 1.155903800631916667e+01 1.172734825188387298e+01 1.141089184242997057e+01 1.154593652191498698e+01 1.148217127849966701e+01 1.146325171298669332e+01 1.142220593849227228e+01 1.139448663779872639e+01 1.146687404393673582e+01 1.140005211153087750e+01 1.138669777042277431e+01
1.139719740910977031e+01 1.137476465679657878e+01 1.142915590229059219e+01 1.164810570871425810e+01 1.145237462983831556e+01 1.167651721963460609e+01 1.137903269932976968e+01 1.152384179436429967e+01 1.143036691825645335e+01 1.144395138796794242e+01 1.134642576168644190e+01 1.134806777593474436e+01 1.144963367932098208e+01 1.138478666285023344e+01 1.137531599967178053e+01
1.142293257433510689e+01 1.139623076637125543e+01 1.137172395623104215e+01 1.172729084499851560e+01 1.153568349465852094e+01 1.164244586234921464e+01 1.140469946204723506e+01 1.150977827789290586e+01 1.141674070820624820e+01 1.137603623434372757e+01 1.139814440307793575e+01 1.138047654690339172e+01 1.143039455592201925e+01 1.139762753874912349e+01 1.136248114461568370e+01
1.151981756073811169e+01 1.144484249416796118e+01 1.149682248773565263e+01 1.180960619778342569e+01 1.163671502687716419e+01 1.175948158324855086e+01 1.149230811529566409e+01 1.159507608944475265e+01 1.155210776604767275e+01 1.149863228916931313e+01 1.147053799127772145e+01 1.143427545984983595e+01 1.149147114757682253e+01 1.144591345903551094e+01 1.144750653111248617e+01
1.136489209817997725e+01 1.132709963146819376e+01 1.140004563146806582e+01 1.162142507071087749e+01 1.149153926033577200e+01 1.170432658977203211e+01 1.131873419811536685e+01 1.147176352261085519e+01 1.144000892520895718e+01 1.141765158660238555e+01 1.134760563484839402e+01 1.131941343930158794e+01 1.138696109843061421e+01 1.134000337852695672e+01 1.130571614396274605e+01
1.139871878842112807e+01 1.134754837547324158e+01 1.146878336487260164e+01 1.173585880452265862e+01 1.151092178287433043e+01 1.168431650415159240e+01 1.137922042650949805e+01 1.152592195282910836e+01 1.151397503585957338e+01 1.143891605728732230e+01 1.139495546055914232e+01 1.133583734291459955e+01 1.144125477439333594e+01 1.134337922632040296e+01 1.133765755859061564e+01
1.144781294939357430e+01 1.142483539081277932e+01 1.146413606381021566e+01 1.178321419508849921e+01 1.160508704319074624e+01 1.173258323244053436e+01 1.141566621031270579e+01 1.154890979156644981e+01 1.150183021640966352e+01 1.150074107369353982e+01 1.144962531694814700e+01 1.139460041187845007e+01 1.143831071692196844e+01 1.139529528973275774e+01 1.140750785181034566e+01
1.147774535380797012e+01 1.142980313006716031e+01 1.148046959890313090e+01 1.179841336376112793e+01 1.161470441812092780e+01 1.178321399741383502e+01 1.147458193902010315e+01 1.158515098445455394e+01 1.152974167848397791e+01 1.152140017186369469e+01 1.146569022199234134e+01 1.143244234619932875e+01 1.146816449531239179e+01 1.143131671899586799e+01 1.143192822917873919e+01
1.127199592516864968e+01 1.128923783610070863e+01 1.139062163252997273e+01 1.157081518514397800e+01 1.138635772832082793e+01 1.160271867535385759e+01 1.128449557907912038e+01 1.138464673525914961e+01 1.138119628420047746e+01 1.137147349857713152e+01 1.128472358806530984e+01 1.125236614192394136e+01 1.135136148587089622e+01 1.131974847105975712e+01 1.127591658909807926e+01
1.141451884816189377e+01 1.129502293430231319e+01 1.145428800901872179e+01 1.168008077866704753e+01 1.148616135102696845e+01 1.163906658187779364e+01 1.137193748860254949e+01 1.145826821922096173e+01 1.147914515799113921e+01 1.140359961280137036e+01 1.136135924886667681e+01 1.132264475223434452e+01 1.142452436519415748e+01 1.133773524587575210e+01 1.130084628354367915e+01
1.147517519146962250e+01 1.142811876687017225e+01 1.145274615120408512e+01 1.177633916791484658e+01 1.160858746933821095e+01 1.173567564783412998e+01 1.143846052004629676e+01 1.157672310643847169e+01 1.151959572952716293e+01 1.148090458577269501e+01 1.147015624665724332e+01 1.142599753830837805e+01 1.145930898114097118e+01 1.144088106530882776e+01 1.141540687901096796e+01
1.144812389495328020e+01 1.134919272616984465e+01 1.142521503467147603e+01 1.174021337732311920e+01 1.153020550424940005e+01 1.168939095213653800e+01 1.142410848817145208e+01 1.152667499188084754e+01 1.147012894217050238e+01 1.142231003286715207e+01 1.137868448711637726e+01 1.136263043968306263e+01 1.144418308358186032e+01 1.137368099550292833e+01 1.133891207966454573e+01
1.138470713487457964e+01 1.133399877067660100e+01 1.143204513793170030e+01 1.165318346838482633e+01 1.149638765840108512e+01 1.170919279521810630e+01 1.136704805366650284e+01 1.148230389252574746e+01 1.144168916188945495e+01 1.144745518021185582e+01 1.135696258544131609e+01 1.132144182186389436e+01 1.140034643054357666e+01 1.136022626816719061e+01 1.132442377777043419e+01
1.141292402903262904e+01 1.134652120963511202e+01 1.144255557207461571e+01 1.166889996971032240e+01 1.147850665136720316e+01 1.170233746467740765e+01 1.137703900751391650e+01 1.149460532054118822e+01 1.144229747925605523e+01 1.144903644041338175e+01 1.141362976255972583e+01 1.133576164898537009e+01 1.140863741133963849e+01 1.134186407683885101e+01 1.135171543927450699e+01
1.149171760184927038e+01 1.142026577803374821e+01 1.151259559008083322e+01 1.179553513698150979e+01 1.163109951619720306e+01 1.176221909993761017e+01 1.146242328428238721e+01 1.159825861688026727e+01 1.154423564824141302e+01 1.149633245814040627e+01 1.147566560607415909e+01 1.142944588031999942e+01 1.148459651079450872e+01 1.143887963427746790e+01 1.141470436698636703e+01
1.148603874383053913e+01 1.141138705031131551e+01 1.145345571077867142e+01 1.175208127596591723e+01 1.158410081420649362e+01 1.174633098670599907e+01 1.142672031454080717e+01 1.156265611663779147e+01 1.149164065241058097e+01 1.148138156924566822e+01 1.143380136073945685e+01 1.141091556028871778e+01 1.146100849619964102e+01 1.141641090331945740e+01 1.140221614181555765e+01
1.142036369858440992e+01 1.137822068382785545e+01 1.143063494686889392e+01 1.169135761364363191e+01 1.149618095120185757e+01 1.171427824371117765e+01 1.141317794132525876e+01 1.151457263603601788e+01 1.145004699470433529e+01 1.148614904923071123e+01 1.141423607384809991e+01 1.134920619715278178e+01 1.142858311245555392e+01 1.138350050529708213e+01 1.135385880959397475e+01
1.139595376914727964e+01 1.135635221323815180e+01 1.147671614455340361e+01 1.166603684804154106e+01 1.148716529654659801e+01 1.170281718569798635e+01 1.137094982443135827e+01 1.151011164228027717e+01 1.145261153383536090e+01 1.144824664540542081e+01 1.135798596665190807e+01 1.132857084941658954e+01 1.141739697247113305e+01 1.134840249242934007e+01 1.134502517489028683e+01
1.145236111048782135e+01 1.143327951098666517e+01 1.142940891651172031e+01 1.176199187504628441e+01 1.158683264442157856e+01 1.171690405323206541e+01 1.141869599406352087e+01 1.152439058829038743e+01 1.147114855854740334e+01 1.144169080534947902e+01 1.144580791701237032e+01 1.140459631500669602e+01 1.143798434447087153e+01 1.143551605123040638e+01 1.140788573623564695e+01
1.153150794145825664e+01 1.147821802577069761e+01 1.154580806284963046e+01 1.183315620747561070e+01 1.166881887219147096e+01 1.180679350547764983e+01 1.151809952262933123e+01 1.163334364490878947e+01 1.156967352400556948e+01 1.154763884236334981e+01 1.151147985243758320e+01 1.148363198066389934e+01 1.152759429342953723e+01 1.148768335389441653e+01 1.148241003078805278e+01
1.138231548349522804e+01 1.137416284661602717e+01 1.145428151082713697e+01 1.166828664831047391e+01 1.145391788231047592e+01 1.164500046724417537e+01 1.137733251186809191e+01 1.153106403913670164e+01 1.146334769404098886e+01 1.143876088138634017e+01 1.134535845487006256e+01 1.138380840473578992e+01 1.147835142418822940e+01 1.139303635045049212e+01 1.135778740763334405e+01
1.141960829825051604e+01 1.138790889027932529e+01 1.145410344778716905e+01 1.167494027899541464e+01 1.153574188380673604e+01 1.171556835193695889e+01 1.139678136510408102e+01 1.155500758195020161e+01 1.147648781810341667e+01 1.145962206710522935e+01 1.140685964591496138e+01 1.136699534866776240e+01 1.144687896452099274e+01 1.138271633925925030e+01 1.138876509878063814e+01
1.150705604833020601e+01 1.145987486179918946e+01 1.151406828494578960e+01 1.182099600738753153e+01 1.164389722720213172e+01 1.179228101838666376e+01 1.147874670459823498e+01 1.159887391019637981e+01 1.156208954034410752e+01 1.155000645586004993e+01 1.150499444385301473e+01 1.145102151615308550e+01 1.150142239692270252e+01 1.146024063628411405e+01 1.145286970401366311e+01
1.149683973167719664e+01 1.142989868109032159e+01 1.148728138570382207e+01 1.177863829671473006e+01 1.161500830178836452e+01 1.178722133031812191e+01 1.146078418050800884e+01 1.161418982142616763e+01 1.152547696363373220e+01 1.152675690772502293e+01 1.146877224177992716e+01 1.143738949708174601e+01 1.150231432972909396e+01 1.144631262719229525e+01 1.143475439490933354e+01
1.152046586465796985e+01 1.144449689720154240e+01 1.148758597094439438e+01 1.173206798661827932e+01 1.158107857080934444e+01 1.175546496254228046e+01 1.147912788737514589e+01 1.158226257277484272e+01 1.149237769444711077e+01 1.150948879695757832e+01 1.143642150244489919e+01 1.141467807312638172e+01 1.151204072813001567e+01 1.144318368509229522e+01 1.142347761848663268e+01
1.142862836988267361e+01 1.136729449693649308e+01 1.147758157946601543e+01 1.170247581998621733e+01 1.152690054683733933e+01 1.173783736253785115e+01 1.140351432174876400e+01 1.150374954607355349e+01 1.148950294666521188e+01 1.144810046589938679e+01 1.139353739563224366e+01 1.137172040338804280e+01 1.143787734980288029e+01 1.139912772783508466e+01 1.136415666162892535e+01
1.153277948225096772e+01 1.146986066379352387e+01 1.149337246077631747e+01 1.181391302762126116e+01 1.165747367350899211e+01 1.178460298706875875e+01 1.151617738701839677e+01 1.160283695356822165e+01 1.154574361439040864e+01 1.152204838393856434e+01 1.149561458504740230e+01 1.148388064831644506e+01 1.152027256588501380e+01 1.147631617049074748e+01 1.148338047212025437e+01
1.154375724834710226e+01 1.146343572246140319e+01 1.152430372020688409e+01 1.182352194590144734e+01 1.166730010686015895e+01 1.179691401429403363e+01 1.151174567537045945e+01 1.162646615483068224e+01 1.155935848934601751e+01 1.152709280456587848e+01 1.149127382604207170e+01 1.147089514872087612e+01 1.152910032916068062e+01 1.148877127782189689e+01 1.146694860313697717e+01
1.139953935388536443e+01 1.136698677552117509e+01 1.143909599584728731e+01 1.167511362453218560e+01 1.145852832102676544e+01 1.161393350217676357e+01 1.133895972779190231e+01 1.149841370199065516e+01 1.143194600443902154e+01 1.143399873193371086e+01 1.132835043688026211e+01 1.133371252887500269e+01 1.141489903711441478e+01 1.134417632092570649e+01 1.134114259445546402e+01
1.138688261428624493e+01 1.135091170110067438e+01 1.144535569352910187e+01 1.167566055686227600e+01 1.151042819124576155e+01 1.167032503834066581e+01 1.136593271932967397e+01 1.153300771906147304e+01 1.148078635697732430e+01 1.145399124704651683e+01 1.135975945179625413e+01 1.132222294749992564e+01 1.142807023704206593e+01 1.131987557962947655e+01 1.134888613211432151e+01
1.139651807964481911e+01 1.135566234756646331e+01 1.140588555910980695e+01 1.172233085336959491e+01 1.154916434559571670e+01 1.167089589705044084e+01 1.139252688987610540e+01 1.148264389873101976e+01 1.142569310641002289e+01 1.139649597103776379e+01 1.139177698660948401e+01 1.132146597709884617e+01 1.139716988389629826e+01 1.133583662292745586e+01 1.133849266620856078e+01
1.150141720706264792e+01 1.140052218233342884e+01 1.149020006929849913e+01 1.178667596660455885e+01 1.162575882246138725e+01 1.176283590871321927e+01 1.146501134401502497e+01 1.159509697227870362e+01 1.153754759936765417e+01 1.153355018209584593e+01 1.143838269060927182e+01 1.143353040081065330e+01 1.149464740424623166e+01 1.144027268531109165e+01 1.143297553584261728e+01
1.141427424133163626e+01 1.134568684719951825e+01 1.143514626979372473e+01 1.167146148878736511e+01 1.152590444615721665e+01 1.172353446296698998e+01 1.140191531959736970e+01 1.152560579442583411e+01 1.144130690129553329e+01 1.147020916841835536e+01 1.136609741064911461e+01 1.135993198284575634e+01 1.143913337678716324e+01 1.137081273746091981e+01 1.136217231609329481e+01
1.139470365114172523e+01 1.137412173417186523e+01 1.145617494461358987e+01 1.166016699040283910e+01 1.149500407803871660e+01 1.174198654219657811e+01 1.138050719327578264e+01 1.150515911014019999e+01 1.147088657840322945e+01 1.146561223226187209e+01 1.138033774167255885e+01 1.134874622290186075e+01 1.140616732277796785e+01 1.140174806053941481e+01 1.133615482068544011e+01
1.145690199392327102e+01 1.140756236643184884e+01 1.146014660515466765e+01 1.175974122943529387e+01 1.158463083367181845e+01 1.171829260280042284e+01 1.142771972274181635e+01 1.152747911869514041e+01 1.149318354393090047e+01 1.144387103890954194e+01 1.142289226064292684e+01 1.140032240204565461e+01 1.144115879474878916e+01 1.139679002181897616e+01 1.140635039398710582e+01
1.148923273727446315e+01 1.144155207351912296e+01 1.147947808585027829e+01 1.177066661316143126e+01 1.163835126139202636e+01 1.176710713487385007e+01 1.146023015816527035e+01 1.158236488238059358e+01 1.151477163515012414e+01 1.150823039552391336e+01 1.146313062435297248e+01 1.145484052325565294e+01 1.148474515651094841e+01 1.144316379818813623e+01 1.143284201971049363e+01
1.144354640888846575e+01 1.139064464759950113e+01 1.143241451708336776e+01 1.172179764662994472e+01 1.158808392293051703e+01 1.175328580600505113e+01 1.143285925936280911e+01 1.153460275201651974e+01 1.148363222872462330e+01 1.148861495033430558e+01 1.140687364319958697e+01 1.139025888306012746e+01 1.144332250467464718e+01 1.140890264629483575e+01 1.137928756353476878e+01
1.133150192411699031e+01 1.128900887308771672e+01 1.143471012525442276e+01 1.166806342344799852e+01 1.146068589105407654e+01 1.164661862166661166e+01 1.130583694031315289e+01 1.144151666109118359e+01 1.145112104650419482e+01 1.140990592734585896e+01 1.134507691418478359e+01 1.128791407490094834e+01 1.134068455367600059e+01 1.133318617571323372e+01 1.129302421164282855e+01
1.144790988007627952e+01 1.141461288008659203e+01 1.140057063044977070e+01 1.170192370778109314e+01 1.157091612025221750e+01 1.169460154542700359e+01 1.144851713288323225e+01 1.150878988202775943e+01 1.143028823700648289e+01 1.142246709046115605e+01 1.139719716518789916e+01 1.136312613503956293e+01 1.144574008532491227e+01 1.139547968666226296e+01 1.138129648240785841e+01
1.149641148522972323e+01 1.142896515170571803e+01 1.146508119286541572e+01 1.179282822122713270e+01 1.162754637012690395e+01 1.175305365592528872e+01 1.145786605020301430e+01 1.157130383193515044e+01 1.153358424338790655e+01 1.148697967276031129e+01 1.147504653537107266e+01 1.144159384525635836e+01 1.147212268284519610e+01 1.145315379523161248e+01 1.142046134757574904e+01
1.142603562733283518e+01 1.136584419103591870e+01 1.142208752344469858e+01 1.169268419838765105e+01 1.150334882753536725e+01 1.168756233880494655e+01 1.140197844094729618e+01 1.150854099939427222e+01 1.143720817035663551e+01 1.144634745949623422e+01 1.140049416542871263e+01 1.137657821189079144e+01 1.142427553176785260e+01 1.142075371936092409e+01 1.135834294856751470e+01
1.135953116867396595e+01 1.135811859959067149e+01 1.140863586033844435e+01 1.163163412067544122e+01 1.143720387035586050e+01 1.164488753099533014e+01 1.132727205741645271e+01 1.146405549650815558e+01 1.142719984216180151e+01 1.140297588774215676e+01 1.131309636605615054e+01 1.132932514440713945e+01 1.141002600864962702e+01 1.132462199373288669e+01 1.132345899548360535e+01
1.138066876112712755e+01 1.138777297033282210e+01 1.136210456437748206e+01 1.166948931285516800e+01 1.152305769103236344e+01 1.167259574780385378e+01 1.136188702315028642e+01 1.145232501188843166e+01 1.141014325802862928e+01 1.136872246360139904e+01 1.137088645162119782e+01 1.135076912345589761e+01 1.136416754322968359e+01 1.135712049186890304e+01 1.134283315482054100e+01
1.146919519072438476e+01 1.140727002728791284e+01 1.147246481634620530e+01 1.179239063782471497e+01 1.162823476305564441e+01 1.176527349817200374e+01 1.147198294400900309e+01 1.158854256100739200e+01 1.152142799123701877e+01 1.150466532547159737e+01 1.145757047021445452e+01 1.142934998337548436e+01 1.147835264485546958e+01 1.143132553932565543e+01 1.143289171965064277e+01
1.148945276483606825e+01 1.141565112733133347e+01 1.150203248593635941e+01 1.176587267596266884e+01 1.160179133794734696e+01 1.176849921363990248e+01 1.143930310033887743e+01 1.157630046965083714e+01 1.152404524147243592e+01 1.150118854308921890e+01 1.144032840037526988e+01 1.142685262415333369e+01 1.148645047105256722e+01 1.142853418116675002e+01 1.141691266655301362e+01
1.143624701310379166e+01 1.138575586712859966e+01 1.148238817734138806e+01 1.166574687039078739e+01 1.150669728459706675e+01 1.175287176443858073e+01 1.139821524526881724e+01 1.153064347392878375e+01 1.149314236762204366e+01 1.146131575313865980e+01 1.139425306183516362e+01 1.138372174933123127e+01 1.145140968722852115e+01 1.140151917420678629e+01 1.139032723672228187e+01
1.144845540923095406e+01 1.140687550600408962e+01 1.142542054787055505e+01 1.175424721515400606e+01 1.156270352921961653e+01 1.168987620103873226e+01 1.140103426838902401e+01 1.153317970828855543e+01 1.144546343865037308e+01 1.144029792238760557e+01 1.141079329725024571e+01 1.140278255980563671e+01 1.143432957955210405e+01 1.142168335826164416e+01 1.139287097939730131e+01
1.150662521483443079e+01 1.147648089116850834e+01 1.150589098476714156e+01 1.182123386386492747e+01 1.165156133806020122e+01 1.177541440467417289e+01 1.150813384085175883e+01 1.161365325311096264e+01 1.154847761043811616e+01 1.152295590818714288e+01 1.147812237971510463e+01 1.147842984369433950e+01 1.150167547680851676e+01 1.148897140476700152e+01 1.146233635286818497e+01
1.144131600172434915e+01 1.139208255717505658e+01 1.144528294336867091e+01 1.171243065728781652e+01 1.154675746995939711e+01 1.176613491296716418e+01 1.142416840877483786e+01 1.152184081474464428e+01 1.146610176159681238e+01 1.146606451898369272e+01 1.140185537049117137e+01 1.138976445044833419e+01 1.146756635085255915e+01 1.142691869342317368e+01 1.138698730228878020e+01
1.140382723283530275e+01 1.138902374142504037e+01 1.145618228162478047e+01 1.165211360414062369e+01 1.149988625509291396e+01 1.169779484815578208e+01 1.138536202209100523e+01 1.148683877743234660e+01 1.145837351462243703e+01 1.143545789378023514e+01 1.137756316873973539e+01 1.137114881974652825e+01 1.144389532973651669e+01 1.140502451394691441e+01 1.136651369538370737e+01
1.151749727522974176e+01 1.148977102178039189e+01 1.151406068869024324e+01 1.180727447747764636e+01 1.166349881572211089e+01 1.178636584865392933e+01 1.148844220137933192e+01 1.160919210200024310e+01 1.156433400839964598e+01 1.153316074277097059e+01 1.149625285214780490e+01 1.148845288881744509e+01 1.151350283292660670e+01 1.147309470295465950e+01 1.147277545157665912e+01
1.155589971742116795e+01 1.151057761792825218e+01 1.155885467195936833e+01 1.184515178132759239e+01 1.170610314839269783e+01 1.182918533148692752e+01 1.154459857675417034e+01 1.164985831579783415e+01 1.159749760436583976e+01 1.160436476926510707e+01 1.155250846419688848e+01 1.150890717421716580e+01 1.156585379057588625e+01 1.152512259750087864e+01 1.151221440054646727e+01
1.139618397493135760e+01 1.135753955934685244e+01 1.143948154237996739e+01 1.165401104693971135e+01 1.151191423104969580e+01 1.173115914815205230e+01 1.136888059792703132e+01 1.152957359239673174e+01 1.145390578299333129e+01 1.147929308377624835e+01 1.136816601882160249e+01 1.133967994524524947e+01 1.144377380852304071e+01 1.136208789671619002e+01 1.136480622097653814e+01
1.141632001274393815e+01 1.138496809780885677e+01 1.147714629897113525e+01 1.168835285210057862e+01 1.153553366665774860e+01 1.173496238011054160e+01 1.141789335601237276e+01 1.152435611720393460e+01 1.149599256059554442e+01 1.147797610560026271e+01 1.140547297809281346e+01 1.137358724469952520e+01 1.144752974096517306e+01 1.140818494531180427e+01 1.138181636416492459e+01
1.150847130275490038e+01 1.141766939996871955e+01 1.151130338423857680e+01 1.181070768814977967e+01 1.166517368319039072e+01 1.181328924078346532e+01 1.149504437328263151e+01 1.162296489570974600e+01 1.158050840358916389e+01 1.154464419999080782e+01 1.150433060045170741e+01 1.147046044756518057e+01 1.152541594364229205e+01 1.146398462844228128e+01 1.146178301487766049e+01
1.143650798288547321e+01 1.138570767467014200e+01 1.144306158742060120e+01 1.175441658705561920e+01 1.156533635280107042e+01 1.176913530227623816e+01 1.143828294696466230e+01 1.156502093286968424e+01 1.150082830681063584e+01 1.149618190719091260e+01 1.142109279766246743e+01 1.139936073046749598e+01 1.146966900101021203e+01 1.140008407375381694e+01 1.140525698041628111e+01
1.146529477649925788e+01 1.143658195723910431e+01 1.148988151349615094e+01 1.177455370517192357e+01 1.159428648349911839e+01 1.176283107589390298e+01 1.144406351131832089e+01 1.157326058341741337e+01 1.153217544575113607e+01 1.151329676213657294e+01 1.143461600150625657e+01 1.141578606689922637e+01 1.148183877531574382e+01 1.142199493368803331e+01 1.143575675737615782e+01
1.138750448600000276e+01 1.134326578107895855e+01 1.145459718014695305e+01 1.165811696365877559e+01 1.150537713815931440e+01 1.174370493936809545e+01 1.134874608742175006e+01 1.148067000636920376e+01 1.144791760788329427e+01 1.139899812129603696e+01 1.135981630679456877e+01 1.133912129155225834e+01 1.141446280051381024e+01 1.137245188039285715e+01 1.132694323251659085e+01
1.147054744983299202e+01 1.144320563185694972e+01 1.143596230596830310e+01 1.176523008888228539e+01 1.158665055778108410e+01 1.170379350998246437e+01 1.143185147748470420e+01 1.153195739737834558e+01 1.147426225005508371e+01 1.144284830411687537e+01 1.145918566621251422e+01 1.142754251936568544e+01 1.146226647208790794e+01 1.142191226141135729e+01 1.140447912353247695e+01
1.152416426132724681e+01 1.146926776414760596e+01 1.151128029859714808e+01 1.181753161633440996e+01 1.165568289259818435e+01 1.178726403610614248e+01 1.152134768888506144e+01 1.161545725230074844e+01 1.154434040235322811e+01 1.152158920774013318e+01 1.149614674494871025e+01 1.146903938322633465e+01 1.150854266993020936e+01 1.147013938420362500e+01 1.146773589713206576e+01
1.146186960880628902e+01 1.141766793272829084e+01 1.147677305645036760e+01 1.173349098737025820e+01 1.154861152825007053e+01 1.174050380267738447e+01 1.144459772898777672e+01 1.153563243497349333e+01 1.147942879937748373e+01 1.149392674316625929e+01 1.142736825915594068e+01 1.138446370953669096e+01 1.146065386241549788e+01 1.140466842443303719e+01 1.138477765964013066e+01
1.139296386662907246e+01 1.136609562179206989e+01 1.147499734875403021e+01 1.169187532526441942e+01 1.150993815360727446e+01 1.173259990679257037e+01 1.138495025994508225e+01 1.148204145107420793e+01 1.148229494212202084e+01 1.142080583442409925e+01 1.139323284409746151e+01 1.135539204553186998e+01 1.140507891581139965e+01 1.138842290583762740e+01 1.135139879356072790e+01
1.152605996855525206e+01 1.148331101577343993e+01 1.155358363954083423e+01 1.184906233427076216e+01 1.167291109146454531e+01 1.179306217902023768e+01 1.149747998633833390e+01 1.162644741099989254e+01 1.157427420590033940e+01 1.155810208220751356e+01 1.153908830244121297e+01 1.149118499727628695e+01 1.152778652772091483e+01 1.149643749562729234e+01 1.147959144518631192e+01
1.152294218187754637e+01 1.147693417349706202e+01 1.153059003224109347e+01 1.178842218547618970e+01 1.166323818933530454e+01 1.180794359590966813e+01 1.150065521328162710e+01 1.159122271557087203e+01 1.154647363284839834e+01 1.154972317225639244e+01 1.150741838863697097e+01 1.147513736404787466e+01 1.151806293798585656e+01 1.148921130810150615e+01 1.147058635535710813e+01
1.136720931377347910e+01 1.133406457471194884e+01 1.138282303059693845e+01 1.163426353682905834e+01 1.150971676694875967e+01 1.171296032211839133e+01 1.136674724695703809e+01 1.149178892567055144e+01 1.143398884595860387e+01 1.146361278669356309e+01 1.135498990576251543e+01 1.135646591578187703e+01 1.141351440536516293e+01 1.134712941877940118e+01 1.133791977894436442e+01
1.135554155556393496e+01 1.128743666677838853e+01 1.141761423432491185e+01 1.159448914511852280e+01 1.146247354463304902e+01 1.169237603561164818e+01 1.135492645762533215e+01 1.144199078305244832e+01 1.144297889195911644e+01 1.142635119101554686e+01 1.130848132575684417e+01 1.129714064298490861e+01 1.139768089400427797e+01 1.133035296132360692e+01 1.126628422393569906e+01
1.150772264160041125e+01 1.146490946742501471e+01 1.148883648604936347e+01 1.180460934734318634e+01 1.164443275810098299e+01 1.177949244605640722e+01 1.147347387747336356e+01 1.159947529151049217e+01 1.153566940218326309e+01 1.152456360090433485e+01 1.148804340494759479e+01 1.145386615413191223e+01 1.150481433638334217e+01 1.144341010109812906e+01 1.146530252766313218e+01
1.145555785257771397e+01 1.140813584221163701e+01 1.142709329216682690e+01 1.175385500158200358e+01 1.159658883943029650e+01 1.174305001258627001e+01 1.143064922049359744e+01 1.154444364247780541e+01 1.148778092831578768e+01 1.148679252980557486e+01 1.143016504805355105e+01 1.140514381511597897e+01 1.144937749303971941e+01 1.140901995706271066e+01 1.140807348779428665e+01
1.141493434881178892e+01 1.137317944497035072e+01 1.142979320870272630e+01 1.167488737414051236e+01 1.151613677487496190e+01 1.174331219835214668e+01 1.138953611444214609e+01 1.150256984145975991e+01 1.145226407381012734e+01 1.147489370787905649e+01 1.136162653061260919e+01 1.135138990373533474e+01 1.143445349194261951e+01 1.139281735601834455e+01 1.136896196168966355e+01
1.139072381765148911e+01 1.135040266758210592e+01 1.146504631278844855e+01 1.166315997111159319e+01 1.152581456658365866e+01 1.172677162688722774e+01 1.136094709537467118e+01 1.150805918161433183e+01 1.145423800529155578e+01 1.142976574112311638e+01 1.137129238199040060e+01 1.135120318868618838e+01 1.142535901275921262e+01 1.137118733891271027e+01 1.134680839366852823e+01
1.151825972319251079e+01 1.144622824962312357e+01 1.151163900989897826e+01 1.181236763644632859e+01 1.166394922234958287e+01 1.182090385789984310e+01 1.150103554805584771e+01 1.161729175290273908e+01 1.155531947049277797e+01 1.155665836534934954e+01 1.151318361185935224e+01 1.147873187653365434e+01 1.150096531777722042e+01 1.147983032354144761e+01 1.147721392756681880e+01
1.146517301763050689e+01 1.141044623478055264e+01 1.146601586367797943e+01 1.173617850091077308e+01 1.161106482819715424e+01 1.175711607384434743e+01 1.145681647585604956e+01 1.155983036338143677e+01 1.149272066607695919e+01 1.149429087593703791e+01 1.145562888319565076e+01 1.141241976748256448e+01 1.146641204264041214e+01 1.141536452621400244e+01 1.139840995594580519e+01
1.139366491830369021e+01 1.136377041516056430e+01 1.142530616642738650e+01 1.164338311391470349e+01 1.148300248636124543e+01 1.172747459356094879e+01 1.135521278766297826e+01 1.150842700109584271e+01 1.143772265030604274e+01 1.145681106986971010e+01 1.135228898554761656e+01 1.137835079481849299e+01 1.144406954191781089e+01 1.139527259281856963e+01 1.137394319733118486e+01
1.140854230540581327e+01 1.134845175876009904e+01 1.144852657564456244e+01 1.169492776697212300e+01 1.152414513542262853e+01 1.170018981553948478e+01 1.138816911305492852e+01 1.153923709769997785e+01 1.149412604773341329e+01 1.147715902035590219e+01 1.139280899355447119e+01 1.137425559153953003e+01 1.144392962761599897e+01 1.137057166423420185e+01 1.137896838179334402e+01
1.147337280322074093e+01 1.142146414310126268e+01 1.147858664327111278e+01 1.177849934148238198e+01 1.159549776194398518e+01 1.172161875095314443e+01 1.143796207425247147e+01 1.158877514328498748e+01 1.152289877869498547e+01 1.148855874384240394e+01 1.145907486384325047e+01 1.142698931819994179e+01 1.146950648945040285e+01 1.141664730528282234e+01 1.142139664284903411e+01
1.148719876892048575e+01 1.144555386678507780e+01 1.150867249115265345e+01 1.180377834269678594e+01 1.164055896661142242e+01 1.179561199864116361e+01 1.148538960832437539e+01 1.161237997240564290e+01 1.154863187238015243e+01 1.153493468959815615e+01 1.147914458885897382e+01 1.144228332833808004e+01 1.150110788933057115e+01 1.145929973288954429e+01 1.146105129357942509e+01
1.147598959559094389e+01 1.142818165391594398e+01 1.149361725119850774e+01 1.174637152511423999e+01 1.157197672242055120e+01 1.175395486967662606e+01 1.144751929497597231e+01 1.157727053694659425e+01 1.150693892509413274e+01 1.149473656847865755e+01 1.144366497959999762e+01 1.142529089960014410e+01 1.149079248953458610e+01 1.143158563221912161e+01 1.141225320864011472e+01
1.137870371850679341e+01 1.135193381025687032e+01 1.142189958808029182e+01 1.162343335835113933e+01 1.149006231246648291e+01 1.170635017251227161e+01 1.137578963784213215e+01 1.145696223829793148e+01 1.144158646435066018e+01 1.142609928721515189e+01 1.138681590641612296e+01 1.135148562291087515e+01 1.139864644459498422e+01 1.138735389398665454e+01 1.132960202680029660e+01
1.149995819113093987e+01 1.145872642157548249e+01 1.148922505599104049e+01 1.179939460866691725e+01 1.163680440789199899e+01 1.175749086866188264e+01 1.147798858728437743e+01 1.158528551195057155e+01 1.153682527629439036e+01 1.151265494417515711e+01 1.147091763967789113e+01 1.145359498785820840e+01 1.149842343462620597e+01 1.144863335804124382e+01 1.144408773966265613e+01
1.150563201549061354e+01 1.145382721557354877e+01 1.148532007041598391e+01 1.179377431753881034e+01 1.164949425808965522e+01 1.178185016450772693e+01 1.148223744119888856e+01 1.159422975583767013e+01 1.151863965400706391e+01 1.151667793269720974e+01 1.147415629031132944e+01 1.144888696787583271e+01 1.147937627871870170e+01 1.146530815309768592e+01 1.143447247101198982e+01
1.140871102635059309e+01 1.140347385190540841e+01 1.143949360363071399e+01 1.167493722807844669e+01 1.153021395913617475e+01 1.169182852023018171e+01 1.140712112942162371e+01 1.153660122548204114e+01 1.146253732507829959e+01 1.146913460867762780e+01 1.138683612955122193e+01 1.138477084895851021e+01 1.145724798359828789e+01 1.141571571449968125e+01 1.139801533432009073e+01
1.145939046666252104e+01 1.139935285014851907e+01 1.147324253217390400e+01 1.173843753299978054e+01 1.162367692263985752e+01 1.178446051511614634e+01 1.143093858795244522e+01 1.156128152405306331e+01 1.151029610844437201e+01 1.149209814979533029e+01 1.142195443272552247e+01 1.140723246477974051e+01 1.146345477228939913e+01 1.141336259584072366e+01 1.138409759639694308e+01
1.152747553231324851e+01 1.148402868263325516e+01 1.151809427785561368e+01 1.183010057022690198e+01 1.165654268806435390e+01 1.177021710476237004e+01 1.149882383938721730e+01 1.162149249245532978e+01 1.155529454318872418e+01 1.153685229216209152e+01 1.149397880216628209e+01 1.148553781496898019e+01 1.152393294876388907e+01 1.148673520711486518e+01 1.147877508106159006e+01
1.150283516908228165e+01 1.143355339114791036e+01 1.147633844281842919e+01 1.177063123397289246e+01 1.162784914551525794e+01 1.179038090104583603e+01 1.147499011881751052e+01 1.159795910645232198e+01 1.151452666093405774e+01 1.152185539007252935e+01 1.145826462705884730e+01 1.145463123398884520e+01 1.149889864397340311e+01 1.144761662071277897e+01 1.144520850057951833e+01
1.141094903829885787e+01 1.136706237820618703e+01 1.144492063332374698e+01 1.167902506040886124e+01 1.157135201629831833e+01 1.175291426305340181e+01 1.138080066800072387e+01 1.148301723463050728e+01 1.146581195008254639e+01 1.146302101881381752e+01 1.139008580519415759e+01 1.135557585162823102e+01 1.139707707661070479e+01 1.137939728587990551e+01 1.134791011651327786e+01
1.134177185949403110e+01 1.134517246907251931e+01 1.140887436883369155e+01 1.160385388746895075e+01 1.147817639112103727e+01 1.170257377980700042e+01 1.134103516448784355e+01 1.147723532808772973e+01 1.139992162665056163e+01 1.141056837121571377e+01 1.133936679660637559e+01 1.131520370667426967e+01 1.138561163054283654e+01 1.134683410564198702e+01 1.131834091506174822e+01
1.151836683648361515e+01 1.148209278742712414e+01 1.152418970639420692e+01 1.181343699385860724e+01 1.166412356702792330e+01 1.177206496091749699e+01 1.150223416812924526e+01 1.159704123489986749e+01 1.155172001972192497e+01 1.153862227962681786e+01 1.150153262924998643e+01 1.146925801451614291e+01 1.149575961851367367e+01 1.146887822349552088e+01 1.145980597450869176e+01
1.151193345255928335e+01 1.145200969296811699e+01 1.149707427214772437e+01 1.178103461103855842e+01 1.166822298197936369e+01 1.179222964703378906e+01 1.148771540668689184e+01 1.160370555537142501e+01 1.152130144246524246e+01 1.153873207322530625e+01 1.147163533507647948e+01 1.144699436292831862e+01 1.149853304354228101e+01 1.146048441525008776e+01 1.145288243004342554e+01
1.144758807210715190e+01 1.141773202540367294e+01 1.149838197784089644e+01 1.168438370290073891e+01 1.153403560268059991e+01 1.174010633650315327e+01 1.142511392458732189e+01 1.154016407876774331e+01 1.149440553474128457e+01 1.150518143946934124e+01 1.140768413198476061e+01 1.138141184800562478e+01 1.147268862841464809e+01 1.142551959542960560e+01 1.140163135123131255e+01
1.146086421290002377e+01 1.139353370137911625e+01 1.145284460354424994e+01 1.166247380768512087e+01 1.156661208689071607e+01 1.173826631491964179e+01 1.141313422250439835e+01 1.155786574688253232e+01 1.145853693329999956e+01 1.148760309482628195e+01 1.137813292342410598e+01 1.139818669213892832e+01 1.147766649442253950e+01 1.138621957792654626e+01 1.139946799159202406e+01
1.141247989937761353e+01 1.139044068771246465e+01 1.147046678794334618e+01 1.167272575220434661e+01 1.151834306758604853e+01 1.172262718777165880e+01 1.139198195832320160e+01 1.149889123104108712e+01 1.149628814842256119e+01 1.151362953830603431e+01 1.138393322975734279e+01 1.134874927515941501e+01 1.144233871490469312e+01 1.137660675461630611e+01 1.137887785973937582e+01
1.153382963602823530e+01 1.144159287698106020e+01 1.146697449245795575e+01 1.170141012139507453e+01 1.159989546820609441e+01 1.180287496323558472e+01 1.149076165440224884e+01 1.159496112010134361e+01 1.150870529514909002e+01 1.152629653009147681e+01 1.141250865770937040e+01 1.142360645454106383e+01 1.151787032296061142e+01 1.145259669254565793e+01 1.143029684234237919e+01
1.143735147230328408e+01 1.140834415612999564e+01 1.149326800133998816e+01 1.168693253985017222e+01 1.150784187099968214e+01 1.172206297848402912e+01 1.141101868990191193e+01 1.153926856972171500e+01 1.149365512564775749e+01 1.149649095296569001e+01 1.138933061469561459e+01 1.136543907682405141e+01 1.147253414398306504e+01 1.140317125767491646e+01 1.137074437082583422e+01
1.156713964496553082e+01 1.151500949600550960e+01 1.157528254704179460e+01 1.187863989390188380e+01 1.172468046902014827e+01 1.184030514050872185e+01 1.153846934268738167e+01 1.166734264000671217e+01 1.161891906024975007e+01 1.160277508904944455e+01 1.152832427607381049e+01 1.152430760020476797e+01 1.156246279371697305e+01 1.152191230069431249e+01 1.151289829147815702e+01
1.144952685532988035e+01 1.143386590202468156e+01 1.149283038000393020e+01 1.172638800286977023e+01 1.156233980968029762e+01 1.175154712838594939e+01 1.143456915778301486e+01 1.156352635854112876e+01 1.151317595595901366e+01 1.153809379007688030e+01 1.143236953710328052e+01 1.141812684739499240e+01 1.150263264097100979e+01 1.143052838751797040e+01 1.141882476065295648e+01
1.138951207639972019e+01 1.137583963733132641e+01 1.142385101800229741e+01 1.162467077545739080e+01 1.154221936199467713e+01 1.172784619056246669e+01 1.136862072738146168e+01 1.149671172187964174e+01 1.142356622539660016e+01 1.146408570544337913e+01 1.134546851794841693e+01 1.135267705193236232e+01 1.143081420874088927e+01 1.135177580545659026e+01 1.136882305040584384e+01
1.145538984649421721e+01 1.142128895651675080e+01 1.152527448399173338e+01 1.174772555912221961e+01 1.156252739828175713e+01 1.177527196680892096e+01 1.143236623665612761e+01 1.158149530082711820e+01 1.154007420252625948e+01 1.152020127229936186e+01 1.143278589612766538e+01 1.138709358055152876e+01 1.149217395980139678e+01 1.141082381217166919e+01 1.140341565502775190e+01
1.146979400658836568e+01 1.145836564844002226e+01 1.148551444011166645e+01 1.175777058894245997e+01 1.167143071597772774e+01 1.179698295767365224e+01 1.144701755293676371e+01 1.158598051665806494e+01 1.150135532715306752e+01 1.155561947041512028e+01 1.145247906130078519e+01 1.144114252691223577e+01 1.151645024077444113e+01 1.144781904963687680e+01 1.144182835935381526e+01
1.146161463206813380e+01 1.140468438838528265e+01 1.149068357007958596e+01 1.168907598608167397e+01 1.153608427692730309e+01 1.170075357233586999e+01 1.143326512764650893e+01 1.154463218769348565e+01 1.148689121516406253e+01 1.146168330948415992e+01 1.139046314256861159e+01 1.140002836187178836e+01 1.147483857043209454e+01 1.139706401325074303e+01 1.139450218404383364e+01
1.143569158333654201e+01 1.139480672141962891e+01 1.149823291533867575e+01 1.168737417252884114e+01 1.150637125531626204e+01 1.172824091682002745e+01 1.144850762908467878e+01 1.151964271445668331e+01 1.148911898928660236e+01 1.146124141485554837e+01 1.139822684345953263e+01 1.138419778346718658e+01 1.145807355262661176e+01 1.142402545120828350e+01 1.137428334989471246e+01
1.139226520522346142e+01 1.137785283970008798e+01 1.147424679365901845e+01 1.168721801858835541e+01 1.151063792219329152e+01 1.167219915969424804e+01 1.137642603228166394e+01 1.149556445504551228e+01 1.144500757706712157e+01 1.145220618300488091e+01 1.139213185973691012e+01 1.133808712829417686e+01 1.143196490997656589e+01 1.137169137796144724e+01 1.134520937694218468e+01
1.141536319264250565e+01 1.139180234058831864e+01 1.147021452953437226e+01 1.169661534294805172e+01 1.150322769300687575e+01 1.166379134249368299e+01 1.139345013582127386e+01 1.155633325769990449e+01 1.149463884271694170e+01 1.144838589917099370e+01 1.136455312266954110e+01 1.138117461171084344e+01 1.149278283880988383e+01 1.136762001993757387e+01 1.139029833395599489e+01
1.136734253495688129e+01 1.135438274757408550e+01 1.145685550756205195e+01 1.165978419649442444e+01 1.148322570211360727e+01 1.169725539571693496e+01 1.133143678853649305e+01 1.146960657568807207e+01 1.146432929917903287e+01 1.135999287037327399e+01 1.134675950252292154e+01 1.132490752284527602e+01 1.136833661583905908e+01 1.136193294125002140e+01 1.133510384519615322e+01
1.143042820407247184e+01 1.143852175305061003e+01 1.147381749713463961e+01 1.168833019614493551e+01 1.151262721017257817e+01 1.168514762724170453e+01 1.142411207946268625e+01 1.154815087380501737e+01 1.150801573570985248e+01 1.149275008914750451e+01 1.140389983262452134e+01 1.139102760865670838e+01 1.148802565786825625e+01 1.140989905870625165e+01 1.142297016914686658e+01
1.138271942525469704e+01 1.136248069519694504e+01 1.150228838875110959e+01 1.168154925479194794e+01 1.145182685665358768e+01 1.163734145709751822e+01 1.136356505471585443e+01 1.152246710407268537e+01 1.149569910259554462e+01 1.143485908535963880e+01 1.137545795043354424e+01 1.132986588645201209e+01 1.146273069230681685e+01 1.135294031227143741e+01 1.134094409372333701e+01
1.141612292875387169e+01 1.139549624519252369e+01 1.147479930639232393e+01 1.169517500154458389e+01 1.155085210188767775e+01 1.173447358208304081e+01 1.139567379811408721e+01 1.155216254561413791e+01 1.149404910515754175e+01 1.149206754937511477e+01 1.137981606643466037e+01 1.138716419003226754e+01 1.148049975404508238e+01 1.140657833136921440e+01 1.141051451867687305e+01
1.138716390852772697e+01 1.136104480857554933e+01 1.148411519086915433e+01 1.169802016869456374e+01 1.144805271665519975e+01 1.164149171365037283e+01 1.135774428895824251e+01 1.149835470896938894e+01 1.148363323441234307e+01 1.141690400011479767e+01 1.138277004344388210e+01 1.135426096871720603e+01 1.143179194719494518e+01 1.137967191407136269e+01 1.134190298587830092e+01
1.140706616186199263e+01 1.139630386901895243e+01 1.146614582275908667e+01 1.168037879613617136e+01 1.148791432726681627e+01 1.168265182535600921e+01 1.139118196564300334e+01 1.154120431714899020e+01 1.147893233558823134e+01 1.144898841913252241e+01 1.139833462902523031e+01 1.137278151728069275e+01 1.147638001091172910e+01 1.138731731835112981e+01 1.138656137580866456e+01
1.141907902021802634e+01 1.138286547802794679e+01 1.147045241363890788e+01 1.168575391443429901e+01 1.150514670042436727e+01 1.168967803514705039e+01 1.138627956562295473e+01 1.151782194035942375e+01 1.148964569756958376e+01 1.148284791638845448e+01 1.140605231214320803e+01 1.134103050035072968e+01 1.144743471899237264e+01 1.138206467145118772e+01 1.134977693730484027e+01
1.141114354781671913e+01 1.133360464975957171e+01 1.146113462345314282e+01 1.163433478684145506e+01 1.152616830324485342e+01 1.173948805640925563e+01 1.138122203627108142e+01 1.150604279599955504e+01 1.144717583800021288e+01 1.144265231766907220e+01 1.132769417753677033e+01 1.132707234365191695e+01 1.143192198516242186e+01 1.134239211854217899e+01 1.132811668589374143e+01
1.137921389920581206e+01 1.136271490911575555e+01 1.140652017287772679e+01 1.163595334565656714e+01 1.149869145044299223e+01 1.168721940171390017e+01 1.135335029546250141e+01 1.148257579413391483e+01 1.144707594422716390e+01 1.145345050649870799e+01 1.134069035593233998e+01 1.132656206336678828e+01 1.142094743823107095e+01 1.134074841314933302e+01 1.134550437154512537e+01
1.143016881566864740e+01 1.136808257010660306e+01 1.141461668205088209e+01 1.162960109967853839e+01 1.149885839125957254e+01 1.171073800642964002e+01 1.140547399381149773e+01 1.151215095844658087e+01 1.144042772258039875e+01 1.145562905894854921e+01 1.134309988790159984e+01 1.136986131666265010e+01 1.146044968647572482e+01 1.138925170799225306e+01 1.138788792175627052e+01
1.140311975030896186e+01 1.136310097102422922e+01 1.146296258451015326e+01 1.165537552610931371e+01 1.150689677930831145e+01 1.172310793946644836e+01 1.138921161307177599e+01 1.151342782402421960e+01 1.146606654175647044e+01 1.146601032965812372e+01 1.139047382242991624e+01 1.133990826038641231e+01 1.145653370743549004e+01 1.138290306194832446e+01 1.134021167165120048e+01
1.143574873131532676e+01 1.141014488711445907e+01 1.149139208999558548e+01 1.170163325971935642e+01 1.154454178033911482e+01 1.171726133092538191e+01 1.142143286958003046e+01 1.155778583619076905e+01 1.150380115906015455e+01 1.149193874833753881e+01 1.139877843152966008e+01 1.139334719692795694e+01 1.149094872813399881e+01 1.143664334396368787e+01 1.141635801941579587e+01
1.142989369925487786e+01 1.139279707294666011e+01 1.148130394883515493e+01 1.168505105669371424e+01 1.152548173330815651e+01 1.172868988900601472e+01 1.141176339804165885e+01 1.152328563064041589e+01 1.149670367951653382e+01 1.151498295750251799e+01 1.139770002561633433e+01 1.139151218047105374e+01 1.145903401369270469e+01 1.140849665800972623e+01 1.140339690636855075e+01
1.144488453153455509e+01 1.139644278346882089e+01 1.148929549876214118e+01 1.169485728595149965e+01 1.154443667623571912e+01 1.171715697146510671e+01 1.141838364537035666e+01 1.156522955828865129e+01 1.150214419992467008e+01 1.146298970396269468e+01 1.138106585799381065e+01 1.137061045341611631e+01 1.148325456802321831e+01 1.139262850237476776e+01 1.138600048558573796e+01
1.139224341854803235e+01 1.142407442808080376e+01 1.149522044911506846e+01 1.167772214207343850e+01 1.149475222412975306e+01 1.172932917192479252e+01 1.139342527791681725e+01 1.152385301335697321e+01 1.147022271905342450e+01 1.145242663045242715e+01 1.139287431810157614e+01 1.137906806414953209e+01 1.146385815222736149e+01 1.138580327163494132e+01 1.138278614227989394e+01
1.142850765521198220e+01 1.140212928281376392e+01 1.145214620679270467e+01 1.169563138548628345e+01 1.151729372878055102e+01 1.171378662409107108e+01 1.140909318521263494e+01 1.155039273811382827e+01 1.146776518394014666e+01 1.144269614242652899e+01 1.137167670907733452e+01 1.140204527178761928e+01 1.146450022455837825e+01 1.141828238246926652e+01 1.140815534547426147e+01
1.143994883268297080e+01 1.141063426145799120e+01 1.148434221033940972e+01 1.170538890537251575e+01 1.151340417905249502e+01 1.172166626797019795e+01 1.143603961954888781e+01 1.155112891704996159e+01 1.147062081156483337e+01 1.144716597840595895e+01 1.138471164024610793e+01 1.139938634836586040e+01 1.148146197192420814e+01 1.141444560408176834e+01 1.140104271513176570e+01
1.143592598378714520e+01 1.141895248003848629e+01 1.150252689683964746e+01 1.169050502917357548e+01 1.154163452621902408e+01 1.173689981387494896e+01 1.142261699595166391e+01 1.155502719401254197e+01 1.150044933020813787e+01 1.150560309997901243e+01 1.139805302442568546e+01 1.139961672755529953e+01 1.148643250162419527e+01 1.142172166963688618e+01 1.139586358375290231e+01
1.144150830571752664e+01 1.142093427545109918e+01 1.147365751653118870e+01 1.169625198717477943e+01 1.158768430929120008e+01 1.175793957069849682e+01 1.140440018743559136e+01 1.155270897444095191e+01 1.147979714295926001e+01 1.150823882953439536e+01 1.139580741561869814e+01 1.140386210590667027e+01 1.149209536866976578e+01 1.141615007632867496e+01 1.140451526978842622e+01
1.140837333137643306e+01 1.137885806845924108e+01 1.143757950412156887e+01 1.163054086787044028e+01 1.152414799111405230e+01 1.174319115404059488e+01 1.136785154007011656e+01 1.150505799233523696e+01 1.144486144403319550e+01 1.143944864761490265e+01 1.135748007164960249e+01 1.134671048981959274e+01 1.145725914630138931e+01 1.136246181561289248e+01 1.137372068719017193e+01
1.137173345276288217e+01 1.136075918115555261e+01 1.144291000198688479e+01 1.163634772341430335e+01 1.151637899867709436e+01 1.173568777452104683e+01 1.136899910089078070e+01 1.149753670050682963e+01 1.143132501395736433e+01 1.145575402239533958e+01 1.136792786277760214e+01 1.131855318994753823e+01 1.140607153775984983e+01 1.134152029789862759e+01 1.133612840911924025e+01
1.143579890089904971e+01 1.139279461119430437e+01 1.147610163165541763e+01 1.164969082533303002e+01 1.148878904103805887e+01 1.170286739109513796e+01 1.140059695655221361e+01 1.154502619146247788e+01 1.145808348536859533e+01 1.147579884109228310e+01 1.135822836646321043e+01 1.134635413939799697e+01 1.147800172719292178e+01 1.136397890565274693e+01 1.139963106855405250e+01
1.146729759626051681e+01 1.142764502402775051e+01 1.148688951555836191e+01 1.170149917938457307e+01 1.159429817544721963e+01 1.175811640655289736e+01 1.145124019050046549e+01 1.154736748440974026e+01 1.150140832790031631e+01 1.151403112404838325e+01 1.144221096271005855e+01 1.140993028742700588e+01 1.147784565916772337e+01 1.142133106120130748e+01 1.141161865318941615e+01
1.145890439817683237e+01 1.141374860879853692e+01 1.147239619299477020e+01 1.167345170225526196e+01 1.154728183525703678e+01 1.174061372115607682e+01 1.141833029536173783e+01 1.153372188451238323e+01 1.147937107895803699e+01 1.148236093100070754e+01 1.140491713305708465e+01 1.136261164841987181e+01 1.147857136696814884e+01 1.138803280154367847e+01 1.139892377197693030e+01
1.144155096784252557e+01 1.142061632190127973e+01 1.147891274808198148e+01 1.171005011467282841e+01 1.154325994797014943e+01 1.172264012570706448e+01 1.140977722443962072e+01 1.155473961332684141e+01 1.147315540552045299e+01 1.151082897503238911e+01 1.143223521862522851e+01 1.140233539079545189e+01 1.146071672829253174e+01 1.140553562049733927e+01 1.140688773435608994e+01
1.141183471621835288e+01 1.141493689790567068e+01 1.149199604802307562e+01 1.169492001598212916e+01 1.150409528211441845e+01 1.168944928198605027e+01 1.138727813862319671e+01 1.152840581645928530e+01 1.150657528061890922e+01 1.146186787353826197e+01 1.139696665861685787e+01 1.134796297938205001e+01 1.145802342406250141e+01 1.139096629210132150e+01 1.139459927842683484e+01
1.139496982157525906e+01 1.137956933527830827e+01 1.147806007887919044e+01 1.168763230917613427e+01 1.146953419894043336e+01 1.168678512319395502e+01 1.138568566558667960e+01 1.149869769632395311e+01 1.148241695407592644e+01 1.149085228613386178e+01 1.139658646846100076e+01 1.131683846348967393e+01 1.142988553963971299e+01 1.137343187845722703e+01 1.133433285040627858e+01
1.141994177770082253e+01 1.135375595799067128e+01 1.142647638763957296e+01 1.164710528247201005e+01 1.148316251788963882e+01 1.170000179284432917e+01 1.139348929275459454e+01 1.152350125469337705e+01 1.143597858998695038e+01 1.147212171163965522e+01 1.136528202590825209e+01 1.134395115343592408e+01 1.145273949403435587e+01 1.137330549860394946e+01 1.134038199908664701e+01
1.145404028246324302e+01 1.140573698454635299e+01 1.145146120991878291e+01 1.165629655770661088e+01 1.152452373990559842e+01 1.175392086005125769e+01 1.143955672112047672e+01 1.154021278553005381e+01 1.146042593278319188e+01 1.150198561023004373e+01 1.138233384221983968e+01 1.139743103625643883e+01 1.148266279431893722e+01 1.140784023195910635e+01 1.140105045736028977e+01
1.145874170308326079e+01 1.139851030122646236e+01 1.145158264830993033e+01 1.168305409118263327e+01 1.151765731662786330e+01 1.173803810835280004e+01 1.142003067740409250e+01 1.154435595531432490e+01 1.148564896938890811e+01 1.149614768652188168e+01 1.140382820827489141e+01 1.139581167492683100e+01 1.147533648223226521e+01 1.143941790710428208e+01 1.139578708873551349e+01
1.142307220655310829e+01 1.142809986425281643e+01 1.146819394970401795e+01 1.167806131644755219e+01 1.152988930600608342e+01 1.172283119788461292e+01 1.140505062174743856e+01 1.155766741972722755e+01 1.148104858523087124e+01 1.151097154373739606e+01 1.139918569195067022e+01 1.138957640229056345e+01 1.148880133667293890e+01 1.140775130655662117e+01 1.141565590341216385e+01
