1.644802583611183877e+01 1.641412748145211964e+01 1.641610907801625885e+01 1.641733032325353392e+01 1.642496095968250458e+01 1.642883320340042275e+01 1.643445540937906202e+01 1.642274102765557942e+01 1.641748256882521417e+01 1.642422744934012613e+01 1.643735578255337870e+01 1.641438084144731491e+01 1.644532405788778817e+01 1.643849119647741830e+01 1.640123530723441547e+01
1.641879569962416952e+01 1.638892908367020596e+01 1.643143342694348874e+01 1.642468347017372565e+01 1.643530447437338893e+01 1.643569065963984244e+01 1.644366690105421469e+01 1.642583746327145988e+01 1.642299635802512370e+01 1.642051555250679584e+01 1.642546791232480530e+01 1.640306881911005732e+01 1.641933060433310843e+01 1.641520765543336324e+01 1.641854163978050707e+01
1.642676752310246258e+01 1.641719547500862930e+01 1.643682535911273490e+01 1.642779264745200152e+01 1.641040611121389148e+01 1.642926445582515882e+01 1.641909474532925373e+01 1.641318343620379849e+01 1.641438131133688927e+01 1.642892595050302518e+01 1.639003734786220789e+01 1.640470856181796222e+01 1.642883025833953781e+01 1.642055663967182255e+01 1.643321627797675788e+01
1.642400539519691094e+01 1.644529257840742531e+01 1.643870525036652808e+01 1.641832443460017998e+01 1.643309387550362999e+01 1.643960196324615097e+01 1.642870424955801312e+01 1.643240349721818205e+01 1.643573805123817166e+01 1.644424879488981261e+01 1.641579725283796876e+01 1.641490325027572794e+01 1.640785605757954002e+01 1.642520087676322049e+01 1.645251948879834458e+01
1.642367169024676699e+01 1.640616979400969910e+01 1.642156992122150783e+01 1.642929154075390130e+01 1.641498753331557126e+01 1.642465389144340904e+01 1.642453083090792632e+01 1.643054440656341342e+01 1.641816852051319131e+01 1.642819637803925303e+01 1.641876503232679951e+01 1.641605606290948316e+01 1.641081824656148314e+01 1.643809502653720500e+01 1.643901449105063506e+01
1.640271287660996080e+01 1.642666188656796677e+01 1.642825900698888120e+01 1.642182667036912846e+01 1.643740253122092909e+01 1.641608574808753218e+01 1.643118073405489810e+01 1.642806718595794635e+01 1.641172498966533766e+01 1.642289882557728120e+01 1.642117376291261621e+01 1.640579803825599114e+01 1.643669429811559368e+01 1.642812860283321186e+01 1.640514323593919244e+01
1.643333246047604135e+01 1.641497722382975866e+01 1.642625954369137276e+01 1.643173271817106951e+01 1.642338686638471046e+01 1.642446108513330216e+01 1.640054654129543010e+01 1.642903168346554210e+01 1.644801116897771109e+01 1.642078623162314344e+01 1.644284407566177109e+01 1.642856746091323217e+01 1.642783975330688762e+01 1.642723029098926091e+01 1.642843493048159331e+01
1.640745550305069855e+01 1.643107571965958158e+01 1.640798700539576771e+01 1.642617231795992438e+01 1.642482548239591722e+01 1.641857816720613883e+01 1.643132705561284723e+01 1.639624624498767957e+01 1.641053147209544605e+01 1.642178390080492179e+01 1.641601230941800793e+01 1.643200906981313736e+01 1.641164425616472400e+01 1.645247242167657475e+01 1.645503114441835990e+01
1.641916077091144999e+01 1.640862680489314585e+01 1.641450902089831487e+01 1.641268956901986087e+01 1.639556583910085763e+01 1.642857073009190572e+01 1.642539116645676245e+01 1.640948555654590635e+01 1.645021624320445852e+01 1.643331796276688195e+01 1.641984211012987060e+01 1.644223192640977160e+01 1.641996974624046146e+01 1.639500613416729635e+01 1.640995907795247888e+01
1.641202797870517927e+01 1.642335598582622325e+01 1.641315067405617611e+01 1.640258053961819940e+01 1.641331496131284950e+01 1.642709252949057941e+01 1.643950870085619442e+01 1.638776312498049137e+01 1.645174254067989494e+01 1.643709487156534976e+01 1.643415824011227855e+01 1.643363067935448640e+01 1.643698405419931063e+01 1.642784971910330682e+01 1.641831037853596698e+01
1.643100087121715092e+01 1.640897466970097085e+01 1.642487998852382347e+01 1.642290843764215325e+01 1.641405788231891805e+01 1.642529498112815389e+01 1.643545119902137230e+01 1.641740357067218170e+01 1.639868143542156176e+01 1.642503796371065405e+01 1.640349229884286331e+01 1.639764908303699897e+01 1.640527699884858492e+01 1.640739384752299301e+01 1.642519534414615734e+01
1.640916966437553270e+01 1.643608520311480703e+01 1.642473034676745769e+01 1.641777311421633812e+01 1.644025424178997952e+01 1.643018242097532422e+01 1.640997215217209870e+01 1.643002108616985879e+01 1.643385154477182652e+01 1.642514414056689631e+01 1.642898796356026025e+01 1.641531302681321236e+01 1.642476956351008255e+01 1.640270566669274999e+01 1.643148575362464214e+01
1.641637515237827927e+01 1.642672091799372680e+01 1.639224535830983243e+01 1.642536611972640159e+01 1.641363569953206891e+01 1.642163111965149724e+01 1.642955910905960693e+01 1.643047916000867659e+01 1.643130159056159556e+01 1.640432874559910204e+01 1.641431778735994484e+01 1.641295856270329523e+01 1.641324828750651577e+01 1.641934509026059885e+01 1.641169614134854982e+01
1.642717688520458452e+01 1.642133663642619723e+01 1.641228003159960736e+01 1.644900724865983932e+01 1.642313092926375973e+01 1.640797029576344457e+01 1.644413578558138767e+01 1.638576571444665575e+01 1.640175403193243753e+01 1.639817223429729864e+01 1.643120191801686047e+01 1.639969404666977937e+01 1.641463890150273031e+01 1.640727247980961323e+01 1.644877717164296627e+01
1.643592705641776064e+01 1.642310398300747565e+01 1.643144510303135775e+01 1.641341813689829721e+01 1.641775367489621473e+01 1.643115899479117559e+01 1.644046671984332519e+01 1.643148521324762612e+01 1.642678087172114942e+01 1.642829756235172667e+01 1.641870461179081531e+01 1.643323560109864445e+01 1.643098633377962159e+01 1.643849733712002603e+01 1.639805501477154692e+01
1.641143399926750135e+01 1.643156370054213511e+01 1.642097582035333758e+01 1.641234572056704621e+01 1.643065806494003311e+01 1.643047447268892469e+01 1.641814049470977821e+01 1.644028997127036718e+01 1.643601345449745210e+01 1.640367764350484947e+01 1.643505210063016975e+01 1.642089685702618596e+01 1.643677389378634501e+01 1.641832578299101542e+01 1.642287472258768943e+01
1.644458694326418424e+01 1.642922495245317194e+01 1.641758848319659592e+01 1.644247122901034430e+01 1.642581090167066549e+01 1.642215076635362436e+01 1.642240554109838868e+01 1.642634715779705346e+01 1.641758327043396548e+01 1.641725843719032696e+01 1.643419887361543275e+01 1.642215755669206700e+01 1.643502120019301316e+01 1.640795540649245154e+01 1.641939787409942753e+01
1.642449654427473504e+01 1.642246779380781874e+01 1.643376759351989591e+01 1.643548828654446936e+01 1.641838166414509459e+01 1.640681288754865008e+01 1.642762852660362327e+01 1.642136846675063566e+01 1.642342368607933523e+01 1.643028671972903965e+01 1.643657284386287998e+01 1.644107767030956069e+01 1.642689086751121152e+01 1.645068390525846880e+01 1.642634596837260830e+01
1.641088178369201245e+01 1.644041156963937667e+01 1.643327698844411699e+01 1.641118630746014517e+01 1.643298292715087427e+01 1.643812905259546753e+01 1.641098474393307782e+01 1.646563554140275087e+01 1.641708613506426673e+01 1.644677565551735299e+01 1.641636511800414766e+01 1.643593992590265174e+01 1.639913485515575786e+01 1.640852003959810546e+01 1.641597060124710694e+01
1.640360811518981166e+01 1.641569607063835790e+01 1.641044948926775859e+01 1.642303502160532602e+01 1.643033771058639658e+01 1.642847310069683431e+01 1.642133065500707900e+01 1.642394622177000230e+01 1.642267607066325041e+01 1.642507383495821927e+01 1.640594003588490679e+01 1.642902065917892074e+01 1.642337962151004760e+01 1.642415139873227048e+01 1.643812658440355179e+01
1.642826521268497686e+01 1.641725958846048528e+01 1.641693986348712997e+01 1.643024852825457316e+01 1.642964998056624637e+01 1.644745776004627658e+01 1.642304064364713767e+01 1.641371075754484821e+01 1.640652118929261505e+01 1.641892150461091404e+01 1.643768130209587497e+01 1.641616788757104217e+01 1.641520505696912480e+01 1.644017102111495277e+01 1.646380433617681405e+01
1.642367282920247362e+01 1.642353758923308149e+01 1.643295131352568816e+01 1.643056178231874398e+01 1.643559075522897928e+01 1.641781713456110481e+01 1.643436805027275938e+01 1.644981512277098190e+01 1.643434770455264982e+01 1.641921710193482298e+01 1.643365862868586547e+01 1.642018317091523372e+01 1.640761980592270675e+01 1.641409454222608844e+01 1.642378156508433662e+01
1.640876456477323231e+01 1.642872834514630753e+01 1.641192996652840819e+01 1.639646865502395201e+01 1.642205264431121492e+01 1.642518888659390797e+01 1.642178033295892092e+01 1.641156621690189610e+01 1.642301192410001676e+01 1.644296544920952741e+01 1.644983021973123627e+01 1.643459624400128760e+01 1.640663095317813003e+01 1.642183772898878757e+01 1.643917364838325312e+01
1.643414855403713304e+01 1.641772169202345211e+01 1.640765005133960486e+01 1.642022669137009316e+01 1.644212259845349422e+01 1.642519578339226527e+01 1.641976765403438776e+01 1.641118991863518772e+01 1.641092381522169674e+01 1.644602258593534572e+01 1.643135803299495379e+01 1.642803088671102074e+01 1.642463999046371725e+01 1.639726002257970805e+01 1.642319650216748528e+01
1.642299911048531058e+01 1.642108054951235374e+01 1.643899356892471175e+01 1.641692441971439109e+01 1.641808461784424722e+01 1.643461440692723841e+01 1.642939331097720768e+01 1.642235917133567824e+01 1.642223514884335955e+01 1.642353922813544287e+01 1.642462201167504077e+01 1.642051769453503951e+01 1.642921231633508228e+01 1.642739933342375025e+01 1.644594840618378484e+01
1.642600540268803044e+01 1.641847016045342755e+01 1.642762714125445456e+01 1.641655028638913549e+01 1.640094465970094006e+01 1.644043214437776257e+01 1.642304486206763059e+01 1.643386823244000183e+01 1.642656706951981960e+01 1.643610879690627868e+01 1.644333972490120033e+01 1.641474760036495439e+01 1.641841670757427352e+01 1.643192044536386476e+01 1.644890790114998325e+01
1.642535155259033175e+01 1.643245754514855506e+01 1.641036505190236383e+01 1.642299123327633126e+01 1.643955636959147526e+01 1.640996638851388667e+01 1.641648994172950893e+01 1.642762317031884578e+01 1.642919406533063764e+01 1.641617549391348874e+01 1.642239974132119329e+01 1.643751709859067489e+01 1.642869309482067663e+01 1.642133115265519905e+01 1.641460250781045360e+01
1.643318556496670979e+01 1.643351527521719646e+01 1.642386706503249982e+01 1.639780275873234672e+01 1.641713948247484822e+01 1.640902890114909951e+01 1.641110389971676753e+01 1.642065987825212403e+01 1.640886467938687687e+01 1.641979016699460203e+01 1.642913336833800386e+01 1.642414136675287040e+01 1.641957654964917879e+01 1.641600910752247700e+01 1.640869476856882869e+01
1.642782817171045906e+01 1.644687444512810970e+01 1.643225761516976391e+01 1.643373820669662777e+01 1.641519770776381648e+01 1.643152359208806956e+01 1.641634434587920666e+01 1.643066360756628796e+01 1.643898337523786779e+01 1.641432404143788659e+01 1.644124238427572493e+01 1.641960227106558889e+01 1.641664613486734936e+01 1.644037858150475628e+01 1.642597354177260627e+01
1.645535854517108376e+01 1.644681503348413898e+01 1.641523010213353118e+01 1.640882718056310807e+01 1.642391849999831877e+01 1.639312290568121355e+01 1.641577702543968442e+01 1.642341730010617340e+01 1.643013457935831312e+01 1.640137707767046749e+01 1.642526735247387037e+01 1.642709493214653449e+01 1.639873985715542659e+01 1.643046189726553408e+01 1.642696189621512914e+01
1.642093485370594053e+01 1.643657036156740858e+01 1.643510941422538707e+01 1.643465720351881743e+01 1.641573160962812850e+01 1.644125549217665139e+01 1.641410143442361402e+01 1.644046838340709371e+01 1.643215467335868496e+01 1.641157164993511941e+01 1.640939987217192453e+01 1.640938796860084636e+01 1.644772993992320664e+01 1.645100653459276074e+01 1.644692004536084085e+01
1.642728655184927788e+01 1.641821734825979107e+01 1.642374675883500146e+01 1.644218531383240745e+01 1.643210509503969519e+01 1.642300254001197146e+01 1.640212685517229474e+01 1.642587809303507385e+01 1.640557683096214703e+01 1.642843995903874088e+01 1.643211254511757957e+01 1.642675328364781961e+01 1.642775958706656070e+01 1.640354727948053792e+01 1.641830498187734833e+01
1.643233993930212478e+01 1.643477525417013041e+01 1.641229441804654954e+01 1.642820491787824011e+01 1.642108782833940595e+01 1.641172854907033951e+01 1.642275063651241496e+01 1.641794660760330515e+01 1.644682052624557045e+01 1.643126209655750003e+01 1.641997787842199941e+01 1.642378309446948847e+01 1.642378043703310908e+01 1.643989752436958796e+01 1.640101223537891784e+01
1.639516077610810640e+01 1.643412036730404324e+01 1.641750049668879896e+01 1.641905584085213121e+01 1.642693434541660835e+01 1.645401996240583387e+01 1.645043705176345128e+01 1.641174496437252373e+01 1.642087519299756693e+01 1.640344782741248508e+01 1.641234925447007242e+01 1.643401764204111615e+01 1.643418223096238151e+01 1.643563022869980017e+01 1.642143497288580534e+01
1.641966459424048708e+01 1.641329334422665909e+01 1.643643989869467248e+01 1.641536431459266154e+01 1.641901854341576694e+01 1.643338615438040407e+01 1.645688075458735611e+01 1.641921701082956275e+01 1.642007747419184938e+01 1.642160287088402981e+01 1.640751135216362400e+01 1.641547662224313342e+01 1.641581226264481685e+01 1.642103911606502820e+01 1.643508727245218637e+01
1.642757175579251339e+01 1.642382305639329942e+01 1.642960252914225094e+01 1.641573153739917856e+01 1.642592071834115330e+01 1.641993645036137295e+01 1.641579821595746935e+01 1.642895523120258261e+01 1.639387217163317345e+01 1.640322590430857019e+01 1.642989386404969210e+01 1.642746029111265571e+01 1.640176773696220636e+01 1.640620562739414012e+01 1.642603692710121521e+01
1.644107663916167539e+01 1.644622064885970047e+01 1.643958320372934523e+01 1.640373375546984391e+01 1.644671066048385555e+01 1.641753133511586071e+01 1.642354493887407330e+01 1.642436343311554126e+01 1.643239901587724461e+01 1.641919700771188673e+01 1.644156650548452703e+01 1.644145221996046757e+01 1.640785229466627371e+01 1.643667172371380758e+01 1.643770255110382550e+01
1.642867677286187345e+01 1.641554321884385104e+01 1.642647685764890753e+01 1.642101563085568117e+01 1.644695982013519853e+01 1.643500203488155265e+01 1.642997035153083019e+01 1.643022482653713112e+01 1.643161905117634092e+01 1.643942698448104522e+01 1.643250597859234219e+01 1.642788337022884804e+01 1.642670173780741294e+01 1.640893420445906870e+01 1.641067052883215283e+01
1.641865095536697083e+01 1.641988242494932493e+01 1.641442900628897306e+01 1.644256105448657124e+01 1.641745829287374647e+01 1.643314341213199725e+01 1.644671768993271854e+01 1.639793990256297107e+01 1.641400088193030271e+01 1.641100639290820951e+01 1.643255731197352887e+01 1.641094443635923739e+01 1.639192039900786213e+01 1.642394398466311145e+01 1.642883969601082939e+01
1.642463101357549249e+01 1.642830843044156097e+01 1.640086053907124608e+01 1.643220167589263525e+01 1.643305839196965223e+01 1.641668771684872397e+01 1.641384384266142860e+01 1.644310989149124680e+01 1.642666937142184125e+01 1.642237854270118191e+01 1.644398126180292152e+01 1.640856824406172620e+01 1.641113935074665875e+01 1.643790967295707972e+01 1.640931896897453157e+01
1.645106164727337372e+01 1.642806465821887585e+01 1.643602231854860207e+01 1.637370582303160660e+01 1.641375657532551102e+01 1.642721126700027057e+01 1.640188917113739819e+01 1.642826596691719132e+01 1.642958556075902976e+01 1.640064193876298049e+01 1.643884616900364648e+01 1.643602327837190558e+01 1.643671152542809466e+01 1.643046874402681823e+01 1.641340740099265716e+01
1.642765059435728503e+01 1.641355774320289385e+01 1.642758353627850454e+01 1.643415970864173303e+01 1.641229465192926540e+01 1.642699612048733826e+01 1.643572825467865783e+01 1.642207783937057641e+01 1.641367723283689273e+01 1.642413688704032992e+01 1.642708140967287989e+01 1.640462402920704577e+01 1.644429254729170964e+01 1.641691530365423546e+01 1.642794766472901458e+01
1.642681093598796593e+01 1.642336096693739123e+01 1.642795245070255561e+01 1.642698436884892033e+01 1.643533875938442534e+01 1.641269982530489457e+01 1.642858714231623551e+01 1.640368375062991291e+01 1.641891800942790169e+01 1.642885708757728125e+01 1.641906848485041692e+01 1.642738037560622288e+01 1.641448134377256096e+01 1.642665350156771353e+01 1.644067733072141024e+01
1.642636319920220700e+01 1.641357615846749951e+01 1.641738791967977207e+01 1.642348452169313688e+01 1.642654373542749724e+01 1.643809503770468794e+01 1.641528087537619740e+01 1.642468306269659450e+01 1.640792318241334158e+01 1.640058833972585361e+01 1.642003487769813574e+01 1.640507697747800719e+01 1.644299341433264772e+01 1.641213109891543809e+01 1.643096614363495434e+01
1.642034239366287807e+01 1.640398505255940620e+01 1.641337073998627716e+01 1.641687996110573877e+01 1.642144410856593240e+01 1.644208232043474638e+01 1.642019497079109769e+01 1.641894215540460422e+01 1.644190257487763418e+01 1.639616324314766871e+01 1.642039802761251366e+01 1.642420830452164893e+01 1.644180583749893287e+01 1.643223100912782186e+01 1.643214391332773872e+01
1.645974256581548190e+01 1.643684563122155140e+01 1.643554329614752163e+01 1.642254108615096442e+01 1.642660948892239148e+01 1.642584482636298304e+01 1.642644002619645249e+01 1.641864902780072200e+01 1.641834637901340344e+01 1.641879082976763371e+01 1.642802307283291441e+01 1.642961304944939727e+01 1.642578847952932719e+01 1.641884487451461538e+01 1.642757343664833414e+01
1.641325841593352663e+01 1.644649866315684505e+01 1.640383840060605891e+01 1.641366321463006983e+01 1.644216843787684112e+01 1.641918472502200643e+01 1.643623153613505394e+01 1.642854498619164616e+01 1.642071138855315127e+01 1.641142589043339228e+01 1.641739871707664022e+01 1.642215143912232733e+01 1.644416636792588449e+01 1.642568649612785237e+01 1.641538752906580356e+01
1.641695470093903353e+01 1.641838623220311533e+01 1.640856196669716027e+01 1.642798201386071710e+01 1.642821836354653797e+01 1.641652417945707398e+01 1.643604933075337726e+01 1.643794966412426817e+01 1.642268420817940111e+01 1.642307427943338993e+01 1.642099150668449781e+01 1.642590069303397726e+01 1.641126922012318445e+01 1.642559024021880987e+01 1.642610291066372952e+01
1.642561023175060697e+01 1.642325456607471423e+01 1.642149021255524488e+01 1.642566279519594730e+01 1.644943168090679819e+01 1.643007890017172912e+01 1.642697311545172312e+01 1.640252568951225953e+01 1.644508516947226440e+01 1.641316299441934845e+01 1.641768873996638689e+01 1.645722176477920939e+01 1.642472507913736379e+01 1.643229251717901462e+01 1.643330063742341807e+01
1.640858546394357731e+01 1.642347688001405004e+01 1.641575252391462669e+01 1.645000662552653381e+01 1.641071619966008299e+01 1.641634103313066007e+01 1.644252962147612962e+01 1.642980540791644728e+01 1.641813629106016137e+01 1.641309064850028676e+01 1.641975836792512666e+01 1.642801243872545669e+01 1.640939311146620128e+01 1.641774831224542197e+01 1.642988386112982724e+01
1.643602728269639712e+01 1.643208497131610102e+01 1.644890322940192817e+01 1.643422687776017099e+01 1.641875626917817499e+01 1.641768068397961144e+01 1.642274146239741128e+01 1.643083364803807456e+01 1.643013913151152749e+01 1.642937784106404564e+01 1.643319916250199952e+01 1.640479017455702149e+01 1.641670373515011860e+01 1.643770182461264895e+01 1.643399660486207026e+01
1.641522830474007577e+01 1.642615067292940623e+01 1.642309747848176116e+01 1.641923705641308118e+01 1.640354507868501699e+01 1.641349773125643452e+01 1.641610498672818963e+01 1.640735401595366838e+01 1.643070702453645282e+01 1.640182264235530951e+01 1.643536112287352324e+01 1.640651356719374121e+01 1.643799667544749354e+01 1.645347284289248080e+01 1.642391542399080251e+01
1.640830043398110760e+01 1.642392869647584419e+01 1.643323145359520865e+01 1.643142404433275772e+01 1.642701149785826331e+01 1.643828257015918481e+01 1.642239706666451937e+01 1.641494683798998366e+01 1.643743575165149196e+01 1.642686374794230630e+01 1.643437978197753324e+01 1.641576844893254261e+01 1.642245637746413323e+01 1.641429356562017006e+01 1.642053054875213292e+01
1.643203850407744682e+01 1.642019843071117080e+01 1.642346651298984384e+01 1.642612744300457450e+01 1.642063122747883241e+01 1.640590308498713412e+01 1.643248791200273828e+01 1.643157080830983574e+01 1.641748720069880463e+01 1.642192961676105867e+01 1.642700832264160837e+01 1.642690081268169067e+01 1.641328726904157875e+01 1.642033467808715130e+01 1.642709543252581739e+01
1.642974040821553317e+01 1.642887496560348737e+01 1.642114316276123631e+01 1.643756156771914334e+01 1.641508247764256012e+01 1.642069824585869142e+01 1.641774615750934530e+01 1.641947734165784922e+01 1.644061524624974879e+01 1.641800496170406376e+01 1.642731055188857070e+01 1.644997443183732244e+01 1.643782418773737319e+01 1.641194941278222075e+01 1.641339260207828232e+01
1.643533553411604586e+01 1.640651624839640732e+01 1.642650524544276891e+01 1.643396466068753980e+01 1.643498800580445973e+01 1.641822610820105766e+01 1.640161137331599051e+01 1.642379582906293933e+01 1.642500542783574247e+01 1.643548040808573418e+01 1.641821330395466561e+01 1.643818823124651018e+01 1.642746939154969965e+01 1.643498654632485767e+01 1.640803720047088987e+01
1.641604132416907191e+01 1.643112472334335550e+01 1.640494321218318063e+01 1.643516957702022552e+01 1.642602629559796412e+01 1.641714384057060627e+01 1.642509532756729840e+01 1.643829479287708750e+01 1.641634293684728263e+01 1.642656050684664848e+01 1.643177671547958951e+01 1.642719973463971428e+01 1.641888679224468461e+01 1.643773183305456342e+01 1.643244023147036614e+01
1.639245945466069543e+01 1.641121484849707102e+01 1.642851049851755008e+01 1.640532377426475463e+01 1.642836559518535822e+01 1.641242196935373343e+01 1.642984617211134690e+01 1.645343363814139437e+01 1.641586291797384689e+01 1.643759686525640262e+01 1.644092934490240054e+01 1.641824694687806385e+01 1.642979952184066406e+01 1.643697847135641510e+01 1.642170074435883009e+01
1.640021852987671025e+01 1.643535423910754290e+01 1.643888182913316953e+01 1.643865402909445450e+01 1.640397392600065984e+01 1.642673150767377876e+01 1.640432218870476078e+01 1.642455637323971018e+01 1.641465542812195721e+01 1.643408925567181456e+01 1.641921297785729550e+01 1.642021362637519744e+01 1.644380753115235549e+01 1.640574626757239685e+01 1.641341208531561691e+01
1.640780650837674415e+01 1.644514899039490530e+01 1.640666518855799438e+01 1.642513701896682932e+01 1.641711106288723698e+01 1.644962001637192728e+01 1.642979777721494727e+01 1.644925120228113613e+01 1.641959584620072476e+01 1.642971588314129505e+01 1.641287118095170428e+01 1.640420605349357075e+01 1.642124669678045734e+01 1.642616087338561925e+01 1.643536738154033117e+01
1.642606481518525285e+01 1.641976837124349231e+01 1.642323928761236829e+01 1.643269426787793464e+01 1.640554218257131680e+01 1.642573126785406146e+01 1.643217978992949568e+01 1.642002557246462047e+01 1.643692186860965876e+01 1.643330677896777914e+01 1.643419441827479233e+01 1.641946929694968915e+01 1.642694645948328613e+01 1.643150377552336749e+01 1.642394746050467802e+01
1.643503519996827222e+01 1.643347199158910144e+01 1.641956110716745343e+01 1.643493231705664570e+01 1.643825226648996818e+01 1.640535241237597930e+01 1.643577628807317481e+01 1.641965768623596134e+01 1.641086529691196816e+01 1.639177540240720177e+01 1.643659755260448563e+01 1.642428891070171559e+01 1.642883827103179328e+01 1.641747149220332247e+01 1.644851942516502419e+01
1.640364257007751192e+01 1.642646748696522607e+01 1.640819405505975226e+01 1.642951472782902655e+01 1.644772341175574937e+01 1.642454609370338048e+01 1.642802175608867898e+01 1.643720118781948969e+01 1.641432432617967407e+01 1.642506223417459665e+01 1.643271341329029056e+01 1.641792699153772261e+01 1.642875250108622254e+01 1.642539594268380654e+01 1.642344959779070734e+01
1.642659003023694453e+01 1.641694279457730588e+01 1.640122330771254155e+01 1.643656617321713043e+01 1.643673388432031857e+01 1.642703781876325309e+01 1.642607469805135878e+01 1.640844546828159878e+01 1.641316727528881714e+01 1.642954731929469148e+01 1.643222153279064912e+01 1.640699982925243106e+01 1.641584217769181109e+01 1.641545705969265967e+01 1.641193904922677405e+01
1.642448699171772830e+01 1.642509597339152805e+01 1.644042881681840740e+01 1.642219495410963503e+01 1.642682693252283599e+01 1.642998051625623646e+01 1.640799787640815310e+01 1.641808641201240704e+01 1.642756098662537667e+01 1.641685024155900408e+01 1.642353029810741916e+01 1.641957369483818141e+01 1.643166178725622828e+01 1.643048344315497289e+01 1.643205542018933230e+01
1.643209535284291078e+01 1.641474404202818960e+01 1.641276218789828434e+01 1.642964105439033418e+01 1.642400965734065466e+01 1.642808696781854039e+01 1.639194236272473759e+01 1.642256865617157757e+01 1.641403154014921029e+01 1.641324422557152474e+01 1.641754500609091849e+01 1.642066394693307529e+01 1.641697995159703538e+01 1.641553595841819302e+01 1.641913061326741996e+01
1.643759683529844651e+01 1.642372049498463582e+01 1.640961150938571933e+01 1.643009795361486880e+01 1.644365256932910313e+01 1.642476233876402247e+01 1.640402830770935694e+01 1.641092356263033025e+01 1.642510867391876772e+01 1.640531227203773668e+01 1.642682273384194858e+01 1.640859433715853299e+01 1.640785139451678631e+01 1.643786422639291445e+01 1.643072680291276555e+01
1.641284481971698739e+01 1.642199125391394787e+01 1.642832681378487081e+01 1.643016631850191089e+01 1.642513351382548947e+01 1.644932921139694315e+01 1.642533806394340701e+01 1.642672243911844987e+01 1.643974189414522868e+01 1.643288968444796438e+01 1.641848116495969734e+01 1.642210801089388994e+01 1.642154734466081223e+01 1.641791584297576634e+01 1.644375510837526022e+01
1.641238245698479403e+01 1.642868682705543293e+01 1.643340272166221538e+01 1.644292675697675676e+01 1.643627454414250622e+01 1.641898226876028843e+01 1.641854766728624071e+01 1.641858315424184411e+01 1.641512295616501049e+01 1.643450825356507750e+01 1.640967001460586872e+01 1.640930543811732889e+01 1.640582253215639241e+01 1.642902477010758133e+01 1.643032633197169545e+01
1.642963711787518122e+01 1.643004305123439934e+01 1.639834471402720695e+01 1.644135882780771496e+01 1.642812033105687064e+01 1.640895774459155376e+01 1.641719595829365375e+01 1.643556227307686513e+01 1.640840647538867714e+01 1.642938491612308738e+01 1.644505882109869788e+01 1.639035299622972630e+01 1.642351691408199699e+01 1.642685848016850869e+01 1.644948901790436224e+01
1.641554851384162816e+01 1.641084018972520298e+01 1.640661964892556668e+01 1.641430527597776745e+01 1.643733932679927179e+01 1.644189532219019156e+01 1.640988978003566245e+01 1.639988833694802750e+01 1.642153498189507133e+01 1.642757933731371978e+01 1.642065663898301153e+01 1.644413503486373429e+01 1.641383113822932316e+01 1.641515030982088064e+01 1.642272471658704802e+01
1.643581614700070759e+01 1.641698636034548642e+01 1.641652156147694441e+01 1.641882154910965497e+01 1.642370600187972940e+01 1.643427951455677416e+01 1.641683002645650902e+01 1.641605206886999113e+01 1.642567815242164642e+01 1.642108307123044852e+01 1.641255150919958794e+01 1.643378434438857383e+01 1.642611329994079483e+01 1.643086988629509904e+01 1.639699095770439996e+01
1.642773727555268692e+01 1.642104730216414410e+01 1.641613959075622375e+01 1.641677176995805709e+01 1.642666857099019850e+01 1.642118615861023301e+01 1.643165380748868643e+01 1.643755577429668335e+01 1.643412486132992356e+01 1.641944378310031993e+01 1.642507969989274486e+01 1.642945720303398360e+01 1.642593818286562168e+01 1.642988563705369742e+01 1.642627345162918573e+01
1.642374505416265151e+01 1.642610923256311395e+01 1.643318315380314232e+01 1.642151089096025984e+01 1.642805037955703895e+01 1.641355620249094827e+01 1.641452207404700658e+01 1.641121758371307138e+01 1.641792710334805960e+01 1.641892628609472027e+01 1.642753769686751042e+01 1.643770818447976012e+01 1.641808243302234871e+01 1.641056579227624113e+01 1.644691910211752273e+01
1.641091219828020442e+01 1.643300741955631494e+01 1.643847827850800414e+01 1.641131285531703199e+01 1.640927444628509591e+01 1.641387464039216226e+01 1.639871769987052019e+01 1.642860314217683282e+01 1.641875529853604831e+01 1.641969541501712726e+01 1.640418526879397021e+01 1.642794729605364523e+01 1.641394758083210803e+01 1.642817711781870571e+01 1.642942385207048517e+01
1.641408145919653450e+01 1.642967493599575235e+01 1.641934149507590135e+01 1.643165153735034067e+01 1.641861825015076803e+01 1.642523831634063569e+01 1.641223201646269914e+01 1.643185134580697238e+01 1.642228723042326877e+01 1.641863164380576379e+01 1.642408032250613914e+01 1.641139245526154511e+01 1.640567127904377287e+01 1.641772598956341511e+01 1.640528433412094600e+01
1.639286263715257519e+01 1.642824515536409180e+01 1.642113285515207721e+01 1.644047686090661742e+01 1.643502110269565364e+01 1.642709543902921965e+01 1.645217935494533634e+01 1.641727070240046160e+01 1.643146020495650461e+01 1.642568365586293666e+01 1.644990666732277163e+01 1.643344888004153859e+01 1.640183545568198653e+01 1.641655186828606006e+01 1.644541066313053790e+01
1.641729769452802046e+01 1.644169706485131144e+01 1.642650656094249939e+01 1.643665392345430476e+01 1.644287440903221054e+01 1.643923357705125454e+01 1.642722842105499836e+01 1.642195116957583423e+01 1.641395391112755320e+01 1.642323627341787073e+01 1.643343740863775437e+01 1.642354133283501127e+01 1.642552917244115207e+01 1.642233201633716178e+01 1.640472059665494342e+01
1.642315570773259381e+01 1.641747781300206199e+01 1.639844156655693297e+01 1.643066282686961799e+01 1.640954604757809321e+01 1.642229093073633450e+01 1.642949861075209483e+01 1.644261320658947767e+01 1.641410643513096801e+01 1.641333257409468871e+01 1.640667897147186238e+01 1.643146197871383052e+01 1.641669325781361266e+01 1.640083210033836281e+01 1.643870581807604125e+01
1.641704280179235553e+01 1.640107629225716224e+01 1.642401071831472947e+01 1.640408347792163468e+01 1.641758222286044600e+01 1.642793649162540603e+01 1.642615094567537071e+01 1.641692086616312807e+01 1.642078341728489832e+01 1.643307187761991983e+01 1.642371143623578789e+01 1.639687442446723864e+01 1.641642051493339238e+01 1.642470497145994202e+01 1.642577965454190903e+01
1.642427662102979724e+01 1.641488397373992214e+01 1.643020987495523499e+01 1.643420859088599428e+01 1.644242199729576370e+01 1.640953877258881377e+01 1.642613236959845935e+01 1.641440100386866163e+01 1.641715425422722063e+01 1.642469308658111515e+01 1.642582104461388681e+01 1.641154903957617961e+01 1.642853167825494154e+01 1.642815248747666601e+01 1.642288820026601925e+01
1.643253697015721571e+01 1.644153148809011711e+01 1.642534032346457806e+01 1.643051452656504807e+01 1.643134021734377370e+01 1.640890558355048512e+01 1.641773594950063142e+01 1.642203282257418451e+01 1.643958766380859871e+01 1.642312422047914566e+01 1.642265580009877368e+01 1.642785537827634457e+01 1.642780651946533510e+01 1.641415606480225620e+01 1.643243498679395742e+01
1.643843101484313252e+01 1.642191317313593402e+01 1.641716400061691772e+01 1.641654351752145047e+01 1.641891290588188923e+01 1.642656545621515818e+01 1.643744300248171086e+01 1.643754472004241052e+01 1.641026381119042554e+01 1.641383084691160832e+01 1.643657794568736463e+01 1.640947336948987001e+01 1.640366055923701794e+01 1.642585739292720604e+01 1.642686328716803601e+01
1.644933899541416267e+01 1.642222844473937471e+01 1.642671777807696643e+01 1.641488367946885063e+01 1.640792916679795255e+01 1.642619613733717543e+01 1.642946747343414771e+01 1.641955769676880550e+01 1.641675200323078698e+01 1.642476263244839529e+01 1.640726047182214486e+01 1.641797863464679352e+01 1.640780872468353735e+01 1.643142340903171927e+01 1.645052200868465420e+01
1.642469358314135164e+01 1.642208047053562581e+01 1.644628304316575651e+01 1.640087285219217605e+01 1.643151940437875069e+01 1.642146422610311873e+01 1.644617094142111924e+01 1.642317527962456225e+01 1.642336838533883636e+01 1.639965623955137275e+01 1.642396467438953778e+01 1.640187254079432222e+01 1.644823822876389485e+01 1.643033521301176947e+01 1.640729793997502739e+01
1.641800817545304270e+01 1.642175611656459466e+01 1.642109308831003034e+01 1.641614156819290571e+01 1.641963981014603391e+01 1.641914151387140919e+01 1.639930357036146447e+01 1.640694721317951377e+01 1.643959882713585685e+01 1.641675501382454172e+01 1.642764218785073638e+01 1.642037148097724142e+01 1.641975605259187532e+01 1.643195047270500098e+01 1.642423726202483891e+01
1.642269861906314432e+01 1.643033145715735799e+01 1.643953008415169847e+01 1.645012357848743889e+01 1.641827557015576389e+01 1.643543591308698382e+01 1.644797153608562468e+01 1.642209901230589608e+01 1.642951156824603842e+01 1.640985133104498672e+01 1.643431954321001243e+01 1.641566990559554284e+01 1.642128072287931673e+01 1.642353624674904822e+01 1.640783030439873968e+01
1.643817778394821261e+01 1.643734040501392712e+01 1.641510534700992707e+01 1.646019817279892550e+01 1.642372973095799082e+01 1.640813912925167273e+01 1.643918207448217927e+01 1.641701458597620800e+01 1.641999259063730321e+01 1.642202665296433040e+01 1.641619547701426640e+01 1.642431481903247814e+01 1.641726584820115775e+01 1.643148518638049538e+01 1.640405229937627141e+01
1.642420995338789425e+01 1.642683837288700488e+01 1.642263819591483553e+01 1.641881597631337186e+01 1.643240053968729342e+01 1.642563870133483306e+01 1.644660371378452624e+01 1.642075440682471310e+01 1.640986330390976633e+01 1.642902273984736539e+01 1.642683170875992715e+01 1.641686242703189080e+01 1.640232824134254486e+01 1.641728241929237697e+01 1.639714742394983560e+01
1.644856253885740216e+01 1.641683802923332181e+01 1.642124380067199851e+01 1.641179158376082725e+01 1.644602067772940401e+01 1.641525695234105697e+01 1.641826183616538515e+01 1.641092637454223535e+01 1.637961638425129252e+01 1.641117611761878692e+01 1.641309942137605304e+01 1.644932379363685371e+01 1.643989505192505263e+01 1.640921858015934731e+01 1.643059970272286208e+01
1.642514998522205971e+01 1.643269589531053754e+01 1.641468063702120261e+01 1.641641363487136118e+01 1.643618439849001334e+01 1.641263017524426715e+01 1.642800713049361860e+01 1.641851589556158686e+01 1.642845945516375394e+01 1.642324585516648128e+01 1.642471099897589681e+01 1.645108613435038336e+01 1.642472788645129356e+01 1.642421609071369204e+01 1.642678503846876126e+01
1.643567405327609166e+01 1.643667547869618772e+01 1.642581159499254539e+01 1.643140239369309441e+01 1.644899802050993998e+01 1.642042089325206788e+01 1.643195717550111823e+01 1.641883117888967547e+01 1.641876398863966457e+01 1.640761962273166930e+01 1.641560514029372086e+01 1.643802572567630449e+01 1.640587382918213777e+01 1.642117731785614865e+01 1.643286301170601860e+01
1.642207829963717103e+01 1.644587652331347982e+01 1.642516121388729289e+01 1.645124292282111611e+01 1.642548117799111296e+01 1.643250605905231509e+01 1.640720972532292521e+01 1.639492915589201516e+01 1.645341307245865892e+01 1.642190838029626576e+01 1.644547341629135317e+01 1.642641131537373411e+01 1.643374063622842129e+01 1.642342378241110623e+01 1.642701536950443852e+01
1.641754622433257182e+01 1.643282886043177626e+01 1.644333359324333799e+01 1.642655760633639872e+01 1.644017630574897737e+01 1.641387381471841067e+01 1.644348495056886250e+01 1.640418844723969372e+01 1.641492654097923776e+01 1.642305595960066711e+01 1.641296556917806981e+01 1.645241683869305760e+01 1.642969502052325836e+01 1.645205974313212138e+01 1.642554269168415360e+01
1.640179699116069401e+01 1.642863068962056872e+01 1.639106096125872014e+01 1.643683038906896954e+01 1.643049659330316814e+01 1.644605157893332503e+01 1.642081159518703970e+01 1.642047944916498281e+01 1.641523640153228314e+01 1.642934706410432710e+01 1.641705879798382739e+01 1.641665632535698194e+01 1.641379812422974993e+01 1.642960645987339063e+01 1.642263578237755439e+01
1.642487652400398801e+01 1.644640413896455300e+01 1.642843330818500291e+01 1.641379385736369656e+01 1.640959946209531850e+01 1.642383022597212516e+01 1.641224334366008364e+01 1.639932058581317165e+01 1.644495070278592763e+01 1.644253674801463916e+01 1.642322300212098085e+01 1.644029071282512433e+01 1.644976255230846718e+01 1.641526625400661388e+01 1.641109294650695816e+01
1.642035714158333803e+01 1.642953891139143607e+01 1.642715035074183305e+01 1.643507899023288132e+01 1.641843147516312840e+01 1.641487406755685896e+01 1.644988066931909287e+01 1.641675179009716956e+01 1.642148628591974813e+01 1.641221451591232494e+01 1.643460043560820694e+01 1.642267168285510692e+01 1.642425876596653822e+01 1.643348663801321408e+01 1.640844279566155350e+01
1.642769534361603334e+01 1.642473037805142155e+01 1.642324396405543752e+01 1.642576640731380522e+01 1.641931761042108207e+01 1.638484617370015428e+01 1.641977651947019723e+01 1.641227644432753863e+01 1.639117801535329377e+01 1.643981699000318741e+01 1.641894748364784462e+01 1.637892193366663562e+01 1.644611673812032393e+01 1.644165993794090497e+01 1.641116750464481200e+01
1.642318221525914268e+01 1.643767690931253256e+01 1.642803649167980140e+01 1.643301649952561405e+01 1.641613544108865952e+01 1.642148283797524044e+01 1.643415365150496044e+01 1.641728390796795978e+01 1.640645825994607065e+01 1.642815736410691940e+01 1.642038785430959535e+01 1.640179986187729000e+01 1.643123991391258798e+01 1.643398255503610983e+01 1.642626302396907079e+01
1.639514414391027586e+01 1.643997659674228373e+01 1.641518229939497076e+01 1.642107765794227703e+01 1.643159683741568244e+01 1.642486793826742542e+01 1.641407729052220432e+01 1.642666026362325127e+01 1.642542217696543361e+01 1.643559607934047051e+01 1.642510309035756322e+01 1.643701379096371085e+01 1.641683911737134594e+01 1.642860524165608282e+01 1.641585290507644501e+01
1.643022448239068112e+01 1.643136792794656742e+01 1.642353185144623495e+01 1.641567361307507866e+01 1.643677217379593358e+01 1.642556046919667878e+01 1.641810291436553726e+01 1.642358699498697305e+01 1.642061972002093739e+01 1.641512793052714514e+01 1.642049009066568388e+01 1.642866593396047392e+01 1.640960533274488853e+01 1.641502350856033132e+01 1.643327054189238368e+01
1.640949136288189791e+01 1.641595397978610293e+01 1.641980276365633173e+01 1.642368651264474977e+01 1.642840690600497666e+01 1.642289495858014092e+01 1.643479296669078948e+01 1.641794959360218442e+01 1.643151440252070117e+01 1.643027476855883506e+01 1.642520533562364449e+01 1.642593973865494661e+01 1.642956027745022141e+01 1.643958291882101719e+01 1.645812079053850141e+01
1.644174031098248889e+01 1.640589075735617186e+01 1.642291952411458311e+01 1.639947731360220473e+01 1.641100443599664516e+01 1.643389854789347737e+01 1.640784733074553969e+01 1.642754418939519567e+01 1.642317896080064088e+01 1.643323419632680071e+01 1.640860741056399519e+01 1.642838157529165599e+01 1.641326099376140135e+01 1.641750875141823229e+01 1.639648591317190451e+01
1.642444152627190590e+01 1.641230403221695511e+01 1.642443653865929676e+01 1.641779454119478387e+01 1.643640418373122003e+01 1.643251141697156115e+01 1.645143472419770347e+01 1.643851420866403146e+01 1.644556890142752792e+01 1.642223590009734835e+01 1.641422235162499987e+01 1.642102309366481450e+01 1.642282110084541458e+01 1.642159366600377268e+01 1.644471435490024191e+01
1.642436194716317033e+01 1.642633873908292585e+01 1.640997890084921096e+01 1.641949331070279783e+01 1.642342310605240385e+01 1.642254176298060031e+01 1.639762245059575463e+01 1.642497346279795778e+01 1.644005168868878997e+01 1.640632561817662705e+01 1.643307090517688707e+01 1.641578833499431767e+01 1.642893598543311029e+01 1.641206591341580534e+01 1.641597412142640167e+01
1.641885488297830165e+01 1.642679059572509459e+01 1.641864381555871333e+01 1.642287697778660061e+01 1.642209463190312491e+01 1.645118788200602111e+01 1.641888834556463195e+01 1.642077754091699049e+01 1.641762432543204397e+01 1.640820553719581909e+01 1.642150196990773736e+01 1.641692994643082670e+01 1.641259397599987224e+01 1.642384407797078794e+01 1.642337927004048126e+01
1.641564083294401399e+01 1.641544638631490471e+01 1.642439816517905271e+01 1.640211475292214871e+01 1.643924980005203196e+01 1.642254568938427539e+01 1.641620138605800250e+01 1.644479778231950817e+01 1.641835028613876801e+01 1.644451308112906318e+01 1.642116459853147958e+01 1.644385546998705649e+01 1.642210717477572146e+01 1.642617411971926344e+01 1.641937988689569039e+01
1.641427181213604314e+01 1.642712488067644117e+01 1.642646012889424512e+01 1.642981630716230512e+01 1.644810174404458181e+01 1.643015046693799874e+01 1.643152376715536889e+01 1.641782858888780439e+01 1.641358901763894096e+01 1.642540422694094104e+01 1.643205765797491580e+01 1.642106835888884220e+01 1.642353014197838945e+01 1.643284595608690424e+01 1.642509500344618090e+01
1.641069316738214212e+01 1.639473179271178438e+01 1.642819314508574990e+01 1.643534580568690373e+01 1.644000757067373897e+01 1.641167130611244573e+01 1.642106033240317231e+01 1.643778525546911595e+01 1.642954384636880505e+01 1.642742649287760059e+01 1.641418646779463941e+01 1.640135779926664839e+01 1.643148647517620375e+01 1.641569760220318486e+01 1.642838604724041929e+01
1.641794009611942329e+01 1.641354096002391927e+01 1.642599377519407611e+01 1.644256049148053478e+01 1.639528392240042365e+01 1.642973649976592299e+01 1.643220409702865581e+01 1.642540694404112500e+01 1.642285970503754555e+01 1.643613071312896778e+01 1.640131264301183123e+01 1.644139132293820182e+01 1.641455011223300886e+01 1.641880295787546018e+01 1.642831911670312550e+01
1.642310288030611787e+01 1.640467493924800024e+01 1.642590204625136252e+01 1.640561076929203921e+01 1.644922131563496848e+01 1.644175351242131455e+01 1.638529386844332691e+01 1.643166260508786536e+01 1.644055486100901575e+01 1.640863560622341311e+01 1.642367820314099802e+01 1.641735824893944695e+01 1.642292132297179563e+01 1.642382265605263925e+01 1.642441864533152085e+01
1.641377447871496642e+01 1.644869740344113040e+01 1.641324816188763691e+01 1.641203744180076640e+01 1.643194091251384847e+01 1.645501801107394257e+01 1.642878457700726713e+01 1.641492666919780774e+01 1.643096016169069173e+01 1.640395973068356739e+01 1.640977160889347530e+01 1.642731043615729902e+01 1.642675952698658648e+01 1.642133548060947135e+01 1.641925038700249218e+01
1.642548096907114541e+01 1.643012054174149839e+01 1.641502978566109050e+01 1.640609145165621996e+01 1.644179200693198695e+01 1.643357320770747876e+01 1.643783397906538823e+01 1.642354071698445495e+01 1.643668258193008214e+01 1.643369452268315811e+01 1.640042731326254355e+01 1.641623274189057824e+01 1.641137931291027030e+01 1.642522948771849656e+01 1.640960189931617919e+01
1.640875824180413289e+01 1.641683551686717735e+01 1.642447739985356847e+01 1.643623291205981474e+01 1.639495477370289578e+01 1.644595700495944968e+01 1.641142206934323511e+01 1.642695933547201648e+01 1.642462922527804992e+01 1.643036105331623276e+01 1.641843552809722340e+01 1.641566825418126285e+01 1.640326256412325989e+01 1.642011914575213538e+01 1.643617024175716779e+01
1.643865547026188878e+01 1.642732884962429551e+01 1.642019045628797258e+01 1.641448807033081181e+01 1.640682741507779596e+01 1.641040176253628502e+01 1.641156200768384821e+01 1.641658040247498462e+01 1.640504096018556623e+01 1.642357805106455615e+01 1.642577252652652575e+01 1.642391961846607273e+01 1.645016968059800533e+01 1.643375051772719431e+01 1.642266367191095000e+01
1.642346709450582054e+01 1.643157872917522866e+01 1.643989185773638440e+01 1.641091487585840980e+01 1.641503916140213093e+01 1.641540061318966792e+01 1.641967160774820655e+01 1.641613011232910679e+01 1.641460191798880786e+01 1.642718808228553584e+01 1.643661998574006589e+01 1.643729267985469988e+01 1.639871888816582057e+01 1.643845288625568202e+01 1.641070992144733864e+01
1.644081381800127772e+01 1.642043949618501131e+01 1.641993680390451260e+01 1.643033346145474383e+01 1.641266902372594316e+01 1.642885815085218582e+01 1.641583004535748458e+01 1.642855189603308830e+01 1.643867212995995075e+01 1.643037410943728105e+01 1.644637054262385334e+01 1.641712170730377096e+01 1.643917628022040489e+01 1.642223702209018299e+01 1.643531250151698231e+01
1.642334437057666818e+01 1.640175011289437634e+01 1.643883262104209209e+01 1.642554681328947197e+01 1.642446385493656891e+01 1.641194371918025752e+01 1.641130972627999185e+01 1.642978961227123591e+01 1.642359981893404353e+01 1.640848821470220287e+01 1.643935275788111028e+01 1.641315681652107017e+01 1.638684601549844544e+01 1.643039496462977667e+01 1.643406165013282205e+01
1.642632457656386435e+01 1.643858255977515270e+01 1.641869762553112011e+01 1.643077584224971943e+01 1.641419173669918408e+01 1.643555292148710834e+01 1.642253931445090842e+01 1.641673675705946422e+01 1.642316809200845285e+01 1.640786828795489072e+01 1.641840135070313167e+01 1.644875505922102121e+01 1.645291010040264368e+01 1.642950676842202640e+01 1.641136078533405751e+01
1.640278885516559271e+01 1.639048906308487119e+01 1.641847554304348833e+01 1.642057193920533464e+01 1.642301889178743934e+01 1.644118261841764195e+01 1.643044318676246363e+01 1.643224417947207883e+01 1.642321091423355384e+01 1.642044584397399731e+01 1.641381148262228251e+01 1.643657642800670970e+01 1.643486573818561425e+01 1.642135042944856593e+01 1.643093159782784340e+01
1.642921058531830880e+01 1.642151470877702479e+01 1.643665697182813190e+01 1.642142857350739860e+01 1.646257334936819205e+01 1.643279430855115919e+01 1.643536143595368770e+01 1.642560406220414748e+01 1.645657967102419761e+01 1.641690253744614125e+01 1.644433656425112034e+01 1.642294762712472789e+01 1.641969275534115980e+01 1.642713042876500040e+01 1.641408005075103205e+01
1.641610125903265427e+01 1.643172433658358855e+01 1.642716478341109010e+01 1.640782413880443968e+01 1.640816174530440108e+01 1.641138016066329541e+01 1.643408735720216995e+01 1.642439122004455143e+01 1.642564090148316325e+01 1.642018970000615141e+01 1.640436288324977099e+01 1.640855601117198503e+01 1.644154961223818745e+01 1.640932187181468294e+01 1.640851574219634301e+01
1.641854407072097644e+01 1.641400292687321993e+01 1.642703327842928118e+01 1.643521088602368962e+01 1.641633047865840211e+01 1.641017941858154572e+01 1.642989105062738986e+01 1.641471372817246177e+01 1.639662451101897744e+01 1.642519520200644578e+01 1.642376302192000637e+01 1.643888835160813500e+01 1.642031301395206810e+01 1.642505064935994596e+01 1.643122606347854742e+01
1.642760492562218388e+01 1.643699568606568917e+01 1.643358122638571928e+01 1.641162208013799528e+01 1.641922260246422738e+01 1.642199219169724955e+01 1.641991172784153363e+01 1.643337435136804814e+01 1.641513941766955753e+01 1.642635187964338428e+01 1.643509698269137687e+01 1.643265214884783276e+01 1.642241806858534403e+01 1.643861325453153199e+01 1.642125651096545980e+01
1.641608562690336015e+01 1.641418415594990776e+01 1.642955464033925139e+01 1.641166227705194203e+01 1.644295471457437330e+01 1.642120679907996816e+01 1.638936034421251975e+01 1.641811614947136988e+01 1.639869864993887560e+01 1.644328502545911519e+01 1.642688878940151298e+01 1.641002794585736169e+01 1.643254473339345623e+01 1.643981741526362228e+01 1.642202134880458786e+01
1.642788410326504334e+01 1.641273821149883716e+01 1.642345335976629528e+01 1.642679832228802539e+01 1.640031005994418578e+01 1.641999032389134783e+01 1.642706768987012467e+01 1.643461441117896982e+01 1.639829514108135200e+01 1.644384056602353184e+01 1.642714336876207781e+01 1.642720343790407611e+01 1.640895575902784032e+01 1.641736673835875493e+01 1.643121293168165309e+01
1.645573302167802510e+01 1.643309338832457556e+01 1.643313677994179400e+01 1.639380503650528453e+01 1.641856210609493516e+01 1.643248526832472223e+01 1.640975532060229014e+01 1.641988476863135205e+01 1.643593948145283790e+01 1.640940841894694913e+01 1.643178093420908326e+01 1.641469628799623237e+01 1.643237269605064554e+01 1.644126483200496480e+01 1.643679560315045407e+01
1.640566568781482459e+01 1.640822893448861919e+01 1.642317738145026595e+01 1.641308414953664396e+01 1.643205887895900830e+01 1.641205894018330724e+01 1.641909348460446694e+01 1.641869641099885158e+01 1.641520954884904882e+01 1.640837420750047571e+01 1.643505271721389605e+01 1.643899663095023556e+01 1.638588036010488125e+01 1.640628758016325861e+01 1.641258260921512857e+01
1.642680110346831057e+01 1.642355826774111094e+01 1.639842365252563283e+01 1.642490113166585530e+01 1.641748623283146102e+01 1.643162414548599060e+01 1.643031734577666114e+01 1.640140623739544168e+01 1.641529131741050662e+01 1.641043131696511637e+01 1.641890108357083733e+01 1.642750086072254945e+01 1.643337735765139129e+01 1.643628526083418251e+01 1.643906551578110964e+01
1.641502318340496913e+01 1.643698848192082451e+01 1.642422759065950189e+01 1.641641905802304180e+01 1.643973918791266442e+01 1.639069053320988445e+01 1.640714343912382844e+01 1.643821264836287099e+01 1.641577972720551060e+01 1.638819947537868060e+01 1.639768135317909525e+01 1.642080713704986294e+01 1.642589663503378361e+01 1.642208179493033882e+01 1.643023807074861864e+01
1.642468696264786487e+01 1.642201300705001898e+01 1.644040689678469747e+01 1.642180069232022177e+01 1.642884703126651402e+01 1.644370934543273677e+01 1.641973422228501533e+01 1.644226391793416653e+01 1.643125304870688552e+01 1.643063562335638750e+01 1.643505057348059495e+01 1.644600495284805319e+01 1.641585803575103597e+01 1.641970628697273327e+01 1.640634940685670529e+01
1.641800401803314813e+01 1.643408201826876081e+01 1.641636870391405267e+01 1.644316447126874792e+01 1.642612606172817280e+01 1.642436432169198568e+01 1.641350289839627408e+01 1.640772310558497793e+01 1.643492677751785180e+01 1.646238506517740419e+01 1.642666074422833944e+01 1.642029128524432480e+01 1.643910121144740799e+01 1.643285918383580579e+01 1.642144812693999967e+01
1.642551680556828586e+01 1.641441085640308728e+01 1.640912422806357540e+01 1.643014179401303210e+01 1.639474279543642865e+01 1.643879601937756618e+01 1.640188198266007902e+01 1.640817371439931804e+01 1.640883674367897527e+01 1.645624177514063646e+01 1.641928409227055852e+01 1.642421580475774689e+01 1.641809209584457818e+01 1.640559594370832386e+01 1.641676065557325614e+01
1.643691564798961480e+01 1.643283872802343382e+01 1.643119245239639881e+01 1.638800879500788099e+01 1.640955971887279929e+01 1.643680967720202801e+01 1.640418384604821966e+01 1.640917687380295575e+01 1.639226147774649434e+01 1.642747166020962624e+01 1.644272137385212318e+01 1.641280952008332150e+01 1.642208912134150012e+01 1.641888409908313307e+01 1.642676381344547565e+01
1.644553120999140816e+01 1.643079144723504470e+01 1.643347384579939074e+01 1.642792328590122253e+01 1.641797894534996871e+01 1.640587296202922474e+01 1.641686328774256154e+01 1.641974765286524018e+01 1.641979523581142075e+01 1.645242074661298304e+01 1.642086426896655738e+01 1.640527484969041083e+01 1.642749297423676680e+01 1.640381382125450571e+01 1.642193446860472150e+01
1.640542847512926627e+01 1.642827161560838434e+01 1.641669065191786814e+01 1.642977183812942599e+01 1.643465302304156950e+01 1.642485623526215832e+01 1.642208174976468271e+01 1.641303753521473752e+01 1.640461634157857418e+01 1.646459909455865400e+01 1.641146411400599092e+01 1.641422931319841894e+01 1.642369042008658298e+01 1.643925381501167493e+01 1.640858797963183235e+01
1.642936257629087393e+01 1.644128537949184121e+01 1.643501509077588807e+01 1.642126175820430589e+01 1.640227693855138114e+01 1.643717873490284731e+01 1.642646841164324911e+01 1.644542505725269166e+01 1.640727590283865922e+01 1.641699175246741405e+01 1.641469742957770350e+01 1.644041281991985315e+01 1.644002286606511376e+01 1.643439247448453955e+01 1.641388468428777259e+01
1.641252832007594620e+01 1.642599622075114141e+01 1.641856739884625327e+01 1.640999544471610605e+01 1.641086455520226295e+01 1.642034688238675599e+01 1.642180841470207753e+01 1.641544509485382619e+01 1.642998105314505608e+01 1.644293933105468142e+01 1.642699437286429998e+01 1.642855304537425454e+01 1.642360353654404648e+01 1.641424007183377043e+01 1.642867941964409439e+01
1.642895141533887582e+01 1.642211950318577607e+01 1.643356518845056868e+01 1.641719735260976520e+01 1.640533834237833943e+01 1.641511918959744065e+01 1.640651758070667299e+01 1.642589512626060255e+01 1.642112680927198198e+01 1.640964134785198780e+01 1.643109585484483404e+01 1.640227544024455852e+01 1.643060647013232511e+01 1.642038314077623440e+01 1.642410369853589103e+01
1.642411968066286221e+01 1.641921345451303438e+01 1.640800044283515646e+01 1.644218176656678665e+01 1.642457633631878267e+01 1.643987273356319889e+01 1.640519563294068206e+01 1.641742853010128300e+01 1.641925479492488904e+01 1.642575508858486089e+01 1.642664762410967683e+01 1.646053125441986609e+01 1.642731545024425088e+01 1.640472258629824154e+01 1.642896970994023675e+01
1.643138124496492836e+01 1.643753506848234025e+01 1.640937950552689273e+01 1.642538670532332290e+01 1.644273583447244036e+01 1.645303268720111589e+01 1.645074561048433992e+01 1.644389243226536834e+01 1.641072048958930552e+01 1.644760770861239507e+01 1.641244352572844178e+01 1.643859005553540342e+01 1.642932450757066221e+01 1.642719626272711864e+01 1.641112294199026067e+01
1.640158815961867944e+01 1.643391468343755690e+01 1.641969144916290091e+01 1.639807374190150568e+01 1.641935409902319165e+01 1.641982098880592389e+01 1.641884449229318577e+01 1.641992432719692019e+01 1.643050241675359757e+01 1.643074784002634914e+01 1.641522261635605773e+01 1.642432000749901277e+01 1.645520297904323215e+01 1.641575960992178906e+01 1.639906567533750348e+01
1.639883967091478212e+01 1.641645853419075252e+01 1.643165030812983218e+01 1.642654829858196663e+01 1.641645012075461452e+01 1.642041501116638358e+01 1.643860133087598641e+01 1.641243917751414116e+01 1.643016123655037930e+01 1.642395480101025385e+01 1.643353301144684053e+01 1.643175923294759144e+01 1.642549630067239264e+01 1.642216025085084397e+01 1.642468207255400614e+01
1.642034977955048447e+01 1.638829372182530264e+01 1.641769348917334170e+01 1.643655574959315047e+01 1.643367910268822385e+01 1.643670462948462330e+01 1.641919307792944238e+01 1.639747936470558898e+01 1.641689421430871221e+01 1.642401848147149579e+01 1.642724201321651378e+01 1.643631718145563880e+01 1.642994286364352163e+01 1.642528871852097438e+01 1.643692519353194115e+01
1.642444976466687123e+01 1.642147690634649138e+01 1.645281801790446607e+01 1.641495404421349846e+01 1.644137100960634612e+01 1.642581886006023950e+01 1.641685145412592561e+01 1.643728938967357323e+01 1.642384230386863209e+01 1.643703306770743211e+01 1.644570479761906157e+01 1.643136683472587478e+01 1.641645366546934426e+01 1.641667388200649214e+01 1.641390077378115819e+01
1.643718641691826221e+01 1.643172796640036637e+01 1.640926361955060031e+01 1.640223509103136124e+01 1.641941490532342129e+01 1.641755844639344630e+01 1.644438088030209499e+01 1.642849367439601949e+01 1.643014129229174713e+01 1.645171155655266304e+01 1.642751256510137736e+01 1.644247487705216670e+01 1.643909247112828709e+01 1.642053086046793453e+01 1.642418009624511654e+01
1.641935138863798826e+01 1.642853858266488487e+01 1.640542012961781992e+01 1.642424642264198908e+01 1.642440881509081407e+01 1.641810067564238551e+01 1.643198713489221063e+01 1.642058260418444604e+01 1.642078551497937866e+01 1.642439369766458057e+01 1.641059379451776579e+01 1.643195018633832660e+01 1.643162405684078564e+01 1.641275755397116498e+01 1.642465846520573791e+01
1.640765780422486131e+01 1.641443847860516314e+01 1.640563797184827166e+01 1.642473940800197596e+01 1.642387934737690713e+01 1.642391681204944476e+01 1.643263455768171610e+01 1.639131902725035417e+01 1.643722808107425948e+01 1.644542941563780047e+01 1.642149395815138391e+01 1.639548393823746864e+01 1.642233493915720288e+01 1.641584361079780763e+01 1.644611360395038702e+01
1.641208768789742578e+01 1.640369904319603123e+01 1.642228487517854774e+01 1.642626306120038038e+01 1.644624269650323711e+01 1.641257595923844903e+01 1.641436679230906392e+01 1.643186390799122876e+01 1.639251160859474510e+01 1.640414747381428739e+01 1.640610674761174792e+01 1.642474898708022835e+01 1.643888864384019755e+01 1.639742537364299224e+01 1.640714658067039977e+01
1.644626125963234742e+01 1.643704621817702360e+01 1.640697545759507747e+01 1.641500774821069442e+01 1.642357834715899045e+01 1.643063148889876857e+01 1.641863578212512209e+01 1.642936026065087773e+01 1.641964981776361299e+01 1.645795809002816767e+01 1.642980163598436505e+01 1.640199761963685887e+01 1.644664642586512926e+01 1.643879534472886661e+01 1.641982188374785068e+01
1.642637078149288143e+01 1.644057529735176004e+01 1.642485564911029172e+01 1.645634241492219729e+01 1.641304475640516003e+01 1.643233555221751629e+01 1.643146141709086905e+01 1.641354695440197631e+01 1.644310743017578602e+01 1.644286790018892574e+01 1.641457032635756264e+01 1.644703678834437710e+01 1.642104657009083368e+01 1.645166019408662095e+01 1.644399610505100640e+01
1.643609216725579714e+01 1.642200076177108770e+01 1.643705599657496919e+01 1.640109852871612262e+01 1.642235927750174440e+01 1.639405114563045274e+01 1.643246161675980943e+01 1.643023489377766566e+01 1.642379299365910228e+01 1.641479896785107329e+01 1.643642918118188945e+01 1.641512950737373089e+01 1.643830133590176246e+01 1.641934376492111269e+01 1.640918276645330209e+01
1.642182107976973526e+01 1.643541214991727628e+01 1.642345771627134710e+01 1.641729355087841213e+01 1.642302947676074254e+01 1.642136990813876096e+01 1.643283870893192855e+01 1.642038364880672319e+01 1.640449143129173493e+01 1.642669853853166728e+01 1.641512921974679884e+01 1.643647961057692441e+01 1.642684648735343700e+01 1.641558917351851576e+01 1.643768666329560446e+01
1.641648166376060658e+01 1.642624858138957222e+01 1.639679279397406475e+01 1.642339268041384059e+01 1.642957431184825978e+01 1.638340189076267350e+01 1.643175533401781507e+01 1.639301975895344654e+01 1.642904475381646989e+01 1.641442996345560701e+01 1.643923296317772653e+01 1.640833712954724177e+01 1.643253123886746536e+01 1.642853528038074273e+01 1.641763062861341638e+01
1.641335469376593537e+01 1.644046972886125602e+01 1.643820423090545546e+01 1.641101229042867971e+01 1.643198883405033328e+01 1.645611190479107577e+01 1.640331236544746218e+01 1.641907323972989730e+01 1.641895027206882673e+01 1.642609277730053918e+01 1.642056940566087775e+01 1.642258414260540889e+01 1.642406858434980066e+01 1.641808363447758623e+01 1.644233363151705873e+01
1.644080321356636532e+01 1.641665310037224756e+01 1.642680619580498913e+01 1.641225973876965227e+01 1.645493886589714805e+01 1.642301145295545695e+01 1.642011754376227017e+01 1.642552765669845982e+01 1.641117476499054817e+01 1.643724779577514994e+01 1.641069694324701800e+01 1.641591266649865588e+01 1.643565684529018611e+01 1.642837686394523544e+01 1.643955211105486924e+01
1.641410076515430561e+01 1.644316966971510396e+01 1.641437902956897332e+01 1.641871243995822738e+01 1.641591617427462779e+01 1.640191423962819428e+01 1.641261069593093680e+01 1.640580637605148695e+01 1.639390277009741226e+01 1.643119130015163520e+01 1.643587070717504162e+01 1.643454423128478581e+01 1.643352426877777717e+01 1.644600400693508391e+01 1.644747430758838647e+01
1.643807609979268847e+01 1.642518184125654912e+01 1.643709840492587304e+01 1.644031389479408745e+01 1.640958596031194006e+01 1.639453006583542205e+01 1.643319591410356750e+01 1.640942629288220900e+01 1.642113024809908595e+01 1.641322425209457592e+01 1.642151049918154371e+01 1.641511436527409629e+01 1.644062976016233790e+01 1.644855845493718149e+01 1.641859614244235743e+01
1.641951363078644377e+01 1.642417772396643016e+01 1.641298374858647691e+01 1.642263539981169984e+01 1.642258917617552072e+01 1.642210086169527017e+01 1.641978231659919629e+01 1.643509090013403195e+01 1.644490073014070219e+01 1.641557391338303873e+01 1.642588064267428294e+01 1.642494205538869423e+01 1.642875169687309977e+01 1.642348754742168282e+01 1.642724547462472273e+01
1.640042473737349837e+01 1.643228053407012368e+01 1.641443753822143847e+01 1.641780348411833401e+01 1.642154102371488733e+01 1.641240147514606917e+01 1.641101156250218551e+01 1.640977930778914740e+01 1.644032014662153074e+01 1.640462307040865397e+01 1.640763793927168734e+01 1.642857302500489070e+01 1.640190894728811699e+01 1.643217353408748949e+01 1.643314436027856473e+01
1.641902757286861103e+01 1.641680864142008645e+01 1.643273508273508554e+01 1.639227880662037862e+01 1.641384232975910962e+01 1.643570086902596472e+01 1.640889769716622482e+01 1.644196341146389528e+01 1.642469754312502062e+01 1.643150731013759724e+01 1.642332745302785924e+01 1.642799388776890268e+01 1.643502962496127040e+01 1.641749106828095606e+01 1.642508031691469128e+01
1.640691769530285526e+01 1.641050694040268709e+01 1.642145066220611227e+01 1.640172738821825860e+01 1.642481108948064517e+01 1.643071816963758636e+01 1.642070209750752596e+01 1.642783702977514437e+01 1.642401512420287091e+01 1.641830326691162156e+01 1.642751161674059901e+01 1.643212407968786692e+01 1.643850367960294889e+01 1.644186935111306624e+01 1.641510430281366339e+01
1.642931548141667264e+01 1.641405289384812605e+01 1.642242703018425942e+01 1.638298660514092475e+01 1.643102351631426217e+01 1.640761423350228654e+01 1.636240031395723804e+01 1.643114444138224073e+01 1.645182276114985598e+01 1.643182813642787465e+01 1.643950386228762284e+01 1.641097783811516919e+01 1.641730182304308627e+01 1.644101398986169471e+01 1.642389295242906044e+01
1.642446105720803118e+01 1.644921094824664820e+01 1.643383158626469154e+01 1.638151431445378492e+01 1.643005923329003437e+01 1.642538664921780267e+01 1.640458110232889410e+01 1.643081756754977008e+01 1.641114643085352043e+01 1.641879281024650439e+01 1.641002957097880000e+01 1.640885583695249395e+01 1.642843299581501526e+01 1.640788895843380502e+01 1.643475722224211566e+01
1.643328463606105672e+01 1.642333835807805897e+01 1.643934256969918195e+01 1.640471232999812301e+01 1.642333172574775801e+01 1.642447366658698371e+01 1.642723057009099108e+01 1.642762972963512524e+01 1.642882103467323418e+01 1.641341995364637185e+01 1.645315462473263324e+01 1.641934866636914592e+01 1.642003496847894795e+01 1.642671299067678348e+01 1.641831754232336493e+01
