1.642559482246765157e+01 1.642841455021318353e+01 1.639882150203436595e+01 1.642427076935204155e+01 1.643532941067042330e+01 1.643007527510556542e+01 1.640406906800198072e+01 1.639059939757781592e+01 1.642988559392197345e+01 1.640520390458040367e+01 1.641808431647723410e+01 1.641521812512504752e+01 1.640998339892306745e+01 1.640472635424267267e+01 1.643202982116023136e+01
1.641781512588578806e+01 1.641936776752823590e+01 1.642326342380889770e+01 1.643222807670792918e+01 1.641369721948300864e+01 1.641475507224441088e+01 1.641475338656980654e+01 1.642095774214440951e+01 1.643054685404154824e+01 1.641397569651498145e+01 1.641755648591576389e+01 1.642525137894496368e+01 1.640462865590178509e+01 1.643950472842635691e+01 1.640068454103247575e+01
1.641378105776680130e+01 1.640722754308256270e+01 1.640470265285054552e+01 1.642962485639721137e+01 1.642548403789143308e+01 1.641055118932832002e+01 1.640065581633770719e+01 1.641964577742398035e+01 1.642631010559913918e+01 1.641950317195848896e+01 1.643738278740550740e+01 1.641173699414922282e+01 1.643400761364769380e+01 1.641558957188017231e+01 1.642171325835099438e+01
1.643742525491678919e+01 1.643136262747025711e+01 1.643291848685709411e+01 1.642774653277960084e+01 1.640122111321879927e+01 1.643838237974968663e+01 1.641877364657985439e+01 1.645213349293008420e+01 1.644529649780463743e+01 1.643577232813380462e+01 1.642611135950583190e+01 1.643641321670173383e+01 1.643741979678232568e+01 1.640871180072486268e+01 1.641662383945584835e+01
1.643430153933881144e+01 1.641954277773030313e+01 1.640147911668988101e+01 1.641675913148018751e+01 1.643509276370575378e+01 1.642327657302469390e+01 1.643775098772703203e+01 1.643447591133238461e+01 1.643232675916510743e+01 1.641662162787091361e+01 1.641675006689231964e+01 1.641700994187971574e+01 1.641561996251943256e+01 1.643707660501430112e+01 1.642444662997586846e+01
1.642572052135095007e+01 1.639506941400040674e+01 1.640284547023606265e+01 1.643277556859595023e+01 1.642042891708632624e+01 1.641481888040739534e+01 1.641576296637190069e+01 1.642033772837219630e+01 1.642367072236651282e+01 1.641967415355577131e+01 1.642332950447822881e+01 1.641670641334662051e+01 1.643201028236113004e+01 1.641060878229145104e+01 1.640038335184121721e+01
1.642756069986761247e+01 1.641747697989096721e+01 1.643811281192374452e+01 1.641772824606746539e+01 1.642877366484204416e+01 1.643945176683601517e+01 1.642091675263368344e+01 1.641336472645707900e+01 1.644928171017731344e+01 1.640943706588114992e+01 1.640361164935544380e+01 1.642891715609604120e+01 1.640680585371000433e+01 1.642847828895490636e+01 1.642032353138076672e+01
1.642324377086757892e+01 1.643363308595627004e+01 1.642844161518279478e+01 1.643219440450147317e+01 1.643578114020693093e+01 1.643221184263110501e+01 1.643331397736077193e+01 1.641156015268878576e+01 1.640951766271825107e+01 1.643163808445657281e+01 1.641761161554974180e+01 1.643505757749561269e+01 1.641465855001253615e+01 1.643520049962407015e+01 1.643778292685671261e+01
1.643788464652519821e+01 1.642494193286127668e+01 1.643746006363486245e+01 1.644402693663385051e+01 1.643626776913717435e+01 1.640658838198199732e+01 1.644886654789830160e+01 1.642261540367759665e+01 1.641471774521103910e+01 1.643045782024726265e+01 1.643033244348115929e+01 1.642720511331127753e+01 1.643405829695079490e+01 1.641849235494327175e+01 1.641812352933375152e+01
1.642536703475585824e+01 1.639896611051632647e+01 1.642855659576895633e+01 1.643251912497036926e+01 1.643874665916867528e+01 1.641578181942480086e+01 1.640083596932796084e+01 1.640094293453536523e+01 1.642304421902913703e+01 1.642751780265517070e+01 1.640522478758071045e+01 1.643416604053175334e+01 1.641167414591544471e+01 1.643405898453977443e+01 1.640823903281582119e+01
1.642143947645047319e+01 1.642241099334464494e+01 1.643560865175212271e+01 1.644814370610549759e+01 1.642223361040406004e+01 1.642617785164208755e+01 1.641212850728070194e+01 1.642467534298982201e+01 1.641329502436878585e+01 1.641303225619300576e+01 1.642727710125329210e+01 1.644637158611896410e+01 1.643908431945925130e+01 1.642471269163496927e+01 1.641221758998156588e+01
1.642091021105236237e+01 1.639976285053364080e+01 1.643408375540310118e+01 1.644050693324296830e+01 1.644041766744361865e+01 1.642868959224500358e+01 1.640444788309656587e+01 1.645741172652291695e+01 1.643150044508927365e+01 1.642871416425797904e+01 1.643157014034741437e+01 1.641816681998388816e+01 1.642780246311113856e+01 1.642988143114918742e+01 1.643139621934933814e+01
1.643175219734985859e+01 1.642878194791640567e+01 1.642287529090426190e+01 1.640918862919626875e+01 1.641097842254144723e+01 1.642713671416503729e+01 1.642298660783574604e+01 1.643054899778922717e+01 1.642401997254587087e+01 1.642352567159150212e+01 1.642188715840110547e+01 1.642355977270853629e+01 1.641555342241991156e+01 1.642562628816987313e+01 1.643282300881434566e+01
1.642886543948565858e+01 1.641684961280933663e+01 1.642353521442398190e+01 1.642155970842999935e+01 1.641890904086115910e+01 1.642490442478170465e+01 1.641649131152489716e+01 1.642809419518794911e+01 1.642890053999872890e+01 1.643659932865000783e+01 1.642570544271290345e+01 1.642548299040365833e+01 1.643975262260245884e+01 1.641852599917728739e+01 1.644612384137545646e+01
1.641904502038382319e+01 1.642417040280043850e+01 1.642489435526717756e+01 1.642497187904750078e+01 1.641585900523074315e+01 1.640980515351138536e+01 1.642402387731927504e+01 1.641627274990791463e+01 1.641413079673980491e+01 1.642703362077939033e+01 1.643568532081523159e+01 1.642429354048765333e+01 1.641294817763446900e+01 1.640757244081820332e+01 1.643909723720011229e+01
1.642446929372587405e+01 1.642839080047289357e+01 1.639664094268098893e+01 1.641919886699396258e+01 1.642489556636234482e+01 1.642556682634767640e+01 1.641761844894701738e+01 1.641849864391910785e+01 1.642140101053887236e+01 1.641295484566478535e+01 1.642988271765227992e+01 1.642667164692301185e+01 1.641856118967058364e+01 1.640718555845539228e+01 1.642688834403324805e+01
1.641647777460638125e+01 1.642365037749777912e+01 1.640417878045187550e+01 1.640328884461341374e+01 1.644107146287991483e+01 1.642821812671945736e+01 1.641557617114444412e+01 1.643213222488857284e+01 1.641844831184072007e+01 1.642668099785624136e+01 1.641124619870007351e+01 1.642867655426129758e+01 1.642314017921959746e+01 1.642911098107339285e+01 1.642798707053468377e+01
1.642818327004370005e+01 1.644768895098593475e+01 1.642725844821942260e+01 1.640712301702924236e+01 1.642671992865291131e+01 1.641681510699892144e+01 1.643164253998766000e+01 1.642320412189031487e+01 1.642517485816713219e+01 1.643349780788197378e+01 1.642339820751832846e+01 1.640763697362065443e+01 1.640775796742637027e+01 1.641013802056988169e+01 1.641587497307759946e+01
1.644390493464669945e+01 1.642160647416133301e+01 1.644266424750374966e+01 1.643570370992124552e+01 1.642915440598414634e+01 1.639209509167113055e+01 1.642366572903839739e+01 1.642583166302470588e+01 1.640895434439513778e+01 1.640413298310071255e+01 1.644866169645435861e+01 1.643600418317265976e+01 1.645172160179389920e+01 1.641639430406064903e+01 1.641219613840412350e+01
1.642367652271311940e+01 1.642076997685777684e+01 1.641562452328174260e+01 1.642263953870607907e+01 1.640682384311775621e+01 1.641965734615652650e+01 1.640511507528084323e+01 1.643391631010322484e+01 1.642370063115567547e+01 1.642622060127683525e+01 1.644545846846816417e+01 1.641034892552577418e+01 1.643040923631805228e+01 1.643737828547461532e+01 1.643064813609525388e+01
1.641526914059744158e+01 1.642730251836891142e+01 1.641410192312404703e+01 1.641994117200114545e+01 1.642363796813866372e+01 1.642143468406974449e+01 1.642438288952465442e+01 1.644387284924190240e+01 1.641212516771804175e+01 1.641431304068636976e+01 1.642071405553183538e+01 1.641840504696709502e+01 1.640826834813377388e+01 1.642713503739514636e+01 1.642686192147252910e+01
1.641459309562537072e+01 1.641687788689901950e+01 1.643262798593683627e+01 1.641540667008860055e+01 1.643012631991379635e+01 1.642086388848395018e+01 1.641783063346001370e+01 1.641804196331398202e+01 1.644085959667043184e+01 1.643447116128973207e+01 1.642861605364876354e+01 1.642353999543215082e+01 1.641865886450983325e+01 1.641821921325604805e+01 1.642861461723935435e+01
1.642053386318688979e+01 1.644391264210366899e+01 1.642328423637336243e+01 1.641675573900031537e+01 1.642377026560704678e+01 1.642477335248807790e+01 1.640084379389423930e+01 1.643101199126481049e+01 1.642355110906020244e+01 1.642251493311297850e+01 1.642582116822024574e+01 1.642664875915576417e+01 1.642077228270673217e+01 1.640940118111197066e+01 1.642724154267470027e+01
1.641606034002376191e+01 1.642311294871240790e+01 1.641921448911566728e+01 1.639519151024462573e+01 1.641911862038644188e+01 1.643079610283769298e+01 1.642629072282849378e+01 1.643444365614720937e+01 1.642852530254513255e+01 1.643948770400591641e+01 1.643297290453843829e+01 1.642560093908383578e+01 1.642659751993753048e+01 1.642855118914818391e+01 1.640438025829586977e+01
1.641692938368584009e+01 1.639823953209036134e+01 1.642911597217812414e+01 1.641466452201648352e+01 1.643668158314929428e+01 1.643642076853189238e+01 1.640504016865406101e+01 1.643185059873722054e+01 1.642538289120139794e+01 1.643159384625946018e+01 1.645811211054008538e+01 1.640261909088676973e+01 1.642347416162347784e+01 1.644119151699778669e+01 1.641528487523510904e+01
1.642927621050724341e+01 1.642363541783458558e+01 1.642124915943399799e+01 1.643868699146675283e+01 1.642958824273795315e+01 1.639381302527586826e+01 1.642502302534311909e+01 1.642382618188235810e+01 1.644214653337287402e+01 1.641616570760789173e+01 1.641303182415855488e+01 1.641561966235406800e+01 1.642180447325948833e+01 1.641797386221766075e+01 1.643215767955200235e+01
1.642559647522077171e+01 1.641058271127823431e+01 1.641716657309091332e+01 1.642952956001238363e+01 1.639725457423206123e+01 1.639970399947624102e+01 1.641252438556351478e+01 1.640306082479019523e+01 1.641608733201978509e+01 1.642093731832440540e+01 1.638718209371796775e+01 1.642987678695851983e+01 1.641446370884694872e+01 1.641893759818505316e+01 1.644105329101152790e+01
1.644403340696996096e+01 1.642686754388844506e+01 1.641268022776544200e+01 1.640597845894716755e+01 1.642755220175792630e+01 1.641766693462365723e+01 1.642246467077533723e+01 1.640917790219449657e+01 1.642229345117453221e+01 1.643568938479227270e+01 1.646516063657080053e+01 1.639738789462758461e+01 1.646365228911859191e+01 1.644944156246886990e+01 1.641741937822966690e+01
1.640252010475474265e+01 1.644137173362675952e+01 1.642117042823649342e+01 1.643284391972805736e+01 1.642109963618687374e+01 1.641601852823518826e+01 1.644101662495300431e+01 1.644029134977773055e+01 1.642501975279227366e+01 1.642539073443522213e+01 1.643005593025114308e+01 1.645529912022613672e+01 1.643147217544122540e+01 1.642357854823790575e+01 1.643306398187535322e+01
1.644393532074795772e+01 1.642293231069875858e+01 1.642955943391866924e+01 1.641900556885268969e+01 1.643681606177565513e+01 1.641151926402561401e+01 1.642532351461094109e+01 1.643419738314101508e+01 1.643923051644248901e+01 1.641314044375171832e+01 1.640804474576910010e+01 1.641207029464846201e+01 1.641836262428273585e+01 1.641447781741985779e+01 1.640991041076675216e+01
1.642848192932132179e+01 1.641389227294642694e+01 1.642282636078650881e+01 1.640063471617265023e+01 1.642314696358169002e+01 1.641531530712144971e+01 1.641682813316791467e+01 1.641041612058001675e+01 1.642975819236589530e+01 1.642852031467137053e+01 1.639686153209119723e+01 1.638950948001070174e+01 1.639668642520128472e+01 1.641732040924273051e+01 1.643707849324853854e+01
1.640871136325370117e+01 1.642362419138266105e+01 1.643392396947889722e+01 1.641862464025957991e+01 1.641808591824015906e+01 1.644761916711140870e+01 1.642666087578425760e+01 1.643253767933398635e+01 1.642918533895714006e+01 1.641073591163628720e+01 1.641465710422857427e+01 1.642700573073440040e+01 1.641824655720173709e+01 1.641777300563407138e+01 1.642570804492034142e+01
1.643911300904111528e+01 1.641979852823029162e+01 1.640200306719766843e+01 1.642456958866003802e+01 1.642052978574334787e+01 1.641372136310464569e+01 1.643416545265591466e+01 1.642923004418834410e+01 1.641619941752141187e+01 1.642321740973888922e+01 1.640705368913476647e+01 1.641785703416458730e+01 1.643074558503537830e+01 1.640769668228433886e+01 1.642145768953662355e+01
1.642518571107455827e+01 1.642350632969285584e+01 1.643181919028637239e+01 1.642547986452849074e+01 1.643386994909669241e+01 1.642814777636486667e+01 1.642267910319557345e+01 1.643282266542646397e+01 1.641530429499116650e+01 1.642914929747028197e+01 1.643652841895966787e+01 1.643361250419771835e+01 1.642485183598338239e+01 1.641917445850834412e+01 1.641907720173488272e+01
1.643137642021070732e+01 1.642858853228916871e+01 1.642092919253003203e+01 1.642153192012724361e+01 1.641675083571621130e+01 1.641663881641018818e+01 1.642482374380917420e+01 1.641633320246471683e+01 1.641721098049514538e+01 1.641745741635417488e+01 1.640974026934365781e+01 1.642166973311099554e+01 1.641713340570695578e+01 1.643487810800577975e+01 1.643054375442343584e+01
1.642704785914702015e+01 1.642363634707794873e+01 1.641815214672257284e+01 1.643191377746613568e+01 1.640148064868370525e+01 1.643960496973776486e+01 1.641692807606676752e+01 1.643707421822178461e+01 1.643165621444947533e+01 1.643409221126548303e+01 1.644192149340497622e+01 1.640926441950115233e+01 1.642335175972763395e+01 1.643219905436475869e+01 1.642967333185356793e+01
1.642858027613482008e+01 1.641752005895449429e+01 1.643258523294205986e+01 1.644375482099393437e+01 1.642912949926032340e+01 1.642685261360211868e+01 1.641882411531314290e+01 1.643865006173922438e+01 1.641564141900071405e+01 1.641933610138695343e+01 1.641927706084081606e+01 1.644007610806615460e+01 1.643681122644739645e+01 1.641725897547129875e+01 1.643919806501675041e+01
1.641930104720736594e+01 1.643802315006988124e+01 1.640443837841342400e+01 1.643499857686147081e+01 1.642561174079846253e+01 1.642878611598118610e+01 1.642356245813319404e+01 1.640060222627587549e+01 1.643485558882293418e+01 1.642195038427044906e+01 1.640701750102556744e+01 1.639420198606818957e+01 1.642434231931141397e+01 1.641644748195053083e+01 1.642229625987285502e+01
1.642135969531924644e+01 1.641824460947895759e+01 1.642629942986747693e+01 1.641829617970896749e+01 1.641388225992212568e+01 1.640530493857738392e+01 1.640872980971509776e+01 1.643246100378424757e+01 1.641908304171735011e+01 1.642528502218847919e+01 1.641740174515684814e+01 1.642666364201474849e+01 1.642762433971784120e+01 1.641230649830460209e+01 1.640636772678085720e+01
1.643162331168714019e+01 1.641490053681976491e+01 1.643214843093923605e+01 1.641513046868761094e+01 1.641857498273018123e+01 1.641742970720450501e+01 1.642176839300588753e+01 1.642696437870297288e+01 1.642794149488460675e+01 1.642035876980255082e+01 1.642505838984368793e+01 1.642542148447045491e+01 1.641894042045122148e+01 1.642487728622252519e+01 1.640685461357155361e+01
1.642908765847171537e+01 1.642289626927038881e+01 1.641340381952539929e+01 1.639711127092702014e+01 1.642591271311351164e+01 1.642697714920254626e+01 1.642896342434765344e+01 1.641121506339126057e+01 1.641266045891153169e+01 1.640135133369566134e+01 1.643365580192595132e+01 1.643131383872384532e+01 1.642825963082637131e+01 1.643032682154154500e+01 1.644663147778629053e+01
1.641791431352086406e+01 1.641361411441525675e+01 1.642661838545159014e+01 1.642451610912606697e+01 1.642459147733771729e+01 1.641792905511648115e+01 1.640906687132548925e+01 1.643173827097538364e+01 1.643218806200668780e+01 1.642325192698947234e+01 1.642107420341383417e+01 1.642589408554924901e+01 1.644527131011025745e+01 1.642204823243216438e+01 1.642193602445403755e+01
1.642996688542384476e+01 1.642047956077713877e+01 1.642257836290621142e+01 1.642085632526852379e+01 1.644223014320420262e+01 1.642064045111340675e+01 1.643857525140000675e+01 1.641180896913361309e+01 1.643675741471297513e+01 1.643080229876938603e+01 1.641221219895994210e+01 1.644184468636949603e+01 1.643093644989489022e+01 1.641795969451571224e+01 1.641583302298572278e+01
1.641023499935751673e+01 1.642967247670779329e+01 1.643139972943864890e+01 1.642580948256335560e+01 1.641926492434962626e+01 1.640086933077233766e+01 1.644138463493057145e+01 1.641540913318809913e+01 1.642532020801853321e+01 1.639510643214020291e+01 1.641278334891702073e+01 1.641515645190389705e+01 1.642350487781953561e+01 1.641384246801514735e+01 1.642796698647056175e+01
1.641918393520169417e+01 1.640777840577457170e+01 1.641811011034563350e+01 1.642470436956730495e+01 1.642863875702069265e+01 1.643174014971530994e+01 1.643220391406878278e+01 1.641560720831682474e+01 1.642146582156141932e+01 1.642160171789986478e+01 1.642034074673844657e+01 1.643797994972450383e+01 1.642441533301162693e+01 1.643389504029958204e+01 1.641786967157332100e+01
1.642841400628629245e+01 1.642237851602042298e+01 1.642723265416137934e+01 1.642467565081334158e+01 1.642841867490812646e+01 1.641610251262337883e+01 1.642458666671412004e+01 1.641516950446742129e+01 1.642455143123720873e+01 1.641939914313403648e+01 1.641549711936110256e+01 1.641936864237110427e+01 1.642072769194086135e+01 1.642757700174219693e+01 1.642655069003732038e+01
1.643698948960064143e+01 1.642009186824809319e+01 1.643085948012423714e+01 1.640927217676988903e+01 1.641327464965408822e+01 1.642665749139690234e+01 1.643601167836970234e+01 1.643630313733688197e+01 1.643083461289539571e+01 1.642062587360207715e+01 1.643842554598528594e+01 1.642269708167727060e+01 1.641303485189006750e+01 1.640760423835303072e+01 1.642465163403478456e+01
1.642704837276517438e+01 1.643235058190753151e+01 1.641596006216125403e+01 1.642657466891190410e+01 1.641603582436504638e+01 1.641970354120116227e+01 1.644362326695676302e+01 1.642898126021748695e+01 1.642698721271836249e+01 1.643472582029427187e+01 1.641611771927858143e+01 1.641667041582238795e+01 1.642483995183246037e+01 1.642470016074142691e+01 1.643115031844259022e+01
1.642300676997797027e+01 1.642995973866024428e+01 1.642220117862814632e+01 1.641077052730878094e+01 1.638961318669320022e+01 1.642234427654398843e+01 1.642153449465866899e+01 1.641869641525720880e+01 1.645096344452093362e+01 1.643439458633548256e+01 1.643609072392998627e+01 1.642694784754139903e+01 1.643468292969302524e+01 1.640823878417506521e+01 1.641523556683008067e+01
1.641570274598812773e+01 1.641210666897668347e+01 1.641655069848467363e+01 1.642320587057281500e+01 1.641970155483118532e+01 1.642375650589212910e+01 1.643771258248106903e+01 1.641797263939555052e+01 1.642865543537805451e+01 1.643439766844992178e+01 1.643646481182960528e+01 1.641838183445348776e+01 1.641146719996954673e+01 1.643407790587984962e+01 1.643154568662496118e+01
1.641628712978595672e+01 1.641853409046899159e+01 1.642707085988262961e+01 1.641903879532583943e+01 1.643114313334119458e+01 1.642929246242470853e+01 1.641491823701449349e+01 1.642946879725431586e+01 1.642129556909505084e+01 1.642132833235994127e+01 1.642452666404694384e+01 1.642868285446521881e+01 1.641940960545419159e+01 1.642108154485500648e+01 1.641467124792778520e+01
1.643565126108604346e+01 1.642181613704153165e+01 1.641103997889562649e+01 1.643156189581652526e+01 1.641776886298055160e+01 1.642084637687060322e+01 1.643488006154743175e+01 1.641927881271555734e+01 1.641985805781913399e+01 1.642522021476229099e+01 1.642764053871326624e+01 1.643254456193299973e+01 1.641791560139247252e+01 1.642648847861031314e+01 1.642619477538629624e+01
1.641885206169861888e+01 1.642734936343385499e+01 1.642707097188212018e+01 1.641128052456077313e+01 1.643922286828703960e+01 1.643190966333024861e+01 1.643962733716838187e+01 1.641717191555396127e+01 1.642779329039260006e+01 1.643616816222732524e+01 1.642729371105569669e+01 1.642621273994545916e+01 1.641752390402942652e+01 1.640738951997943218e+01 1.641045372850076944e+01
1.642796558426314490e+01 1.642124241438336441e+01 1.643398720633259202e+01 1.643298183674373547e+01 1.642724526331154422e+01 1.642613875040837002e+01 1.641562309693451382e+01 1.642150156334069067e+01 1.643066923132420598e+01 1.641706297828914529e+01 1.641243643110603045e+01 1.641474562926999070e+01 1.641623010890566192e+01 1.642079233361533142e+01 1.643225485555829124e+01
1.641685854206264850e+01 1.642876578922924224e+01 1.641388012297191423e+01 1.640988790862633806e+01 1.643874998123572695e+01 1.643040895353101405e+01 1.641444130314614114e+01 1.641408860303060635e+01 1.642639289992433405e+01 1.640414554232035371e+01 1.640347536807285422e+01 1.641785103066262153e+01 1.643936637981295590e+01 1.642894579844158542e+01 1.642472033839630896e+01
1.642816156640700243e+01 1.642820984947389817e+01 1.642266676157451499e+01 1.643493041294748025e+01 1.641262784540593245e+01 1.642262960827166296e+01 1.642375485015760006e+01 1.642606621232524944e+01 1.641871360426263138e+01 1.642989631832148945e+01 1.642702205241224078e+01 1.642856198607129770e+01 1.643113743322171416e+01 1.642725483622599469e+01 1.643143871287692903e+01
1.642806388417575647e+01 1.643443684545809091e+01 1.643063500538622890e+01 1.641813633368367320e+01 1.642663530449188869e+01 1.643085683963872867e+01 1.643302442808579045e+01 1.643301810084415493e+01 1.642281845563547549e+01 1.642584936986467881e+01 1.642178318519006552e+01 1.642954067035492471e+01 1.642710317403596676e+01 1.642497056753454743e+01 1.641859283209114651e+01
1.642758643492226867e+01 1.642347558015003628e+01 1.643026039887231349e+01 1.642018809678248914e+01 1.641023043545457227e+01 1.642087858825999191e+01 1.641759792217183289e+01 1.642508423001734030e+01 1.642452405997498843e+01 1.643507065740212880e+01 1.643266408284640079e+01 1.642436062028682286e+01 1.641775007110242157e+01 1.641520831753055631e+01 1.642472079463349033e+01
1.641518824003641797e+01 1.643483675471055960e+01 1.640191243648385466e+01 1.641884692625986020e+01 1.643516774273490100e+01 1.641700129100410521e+01 1.645637547144912105e+01 1.644325388653491515e+01 1.641571268354115531e+01 1.643689099636084805e+01 1.641485196420095960e+01 1.642553228301244772e+01 1.642885489934298349e+01 1.643748861172617737e+01 1.642015965256601007e+01
1.642220237450903397e+01 1.642236319991434712e+01 1.642645413948077504e+01 1.641044017156292156e+01 1.642322657390682750e+01 1.643151099101567780e+01 1.643048525035396779e+01 1.643236735590688014e+01 1.642350713804594164e+01 1.643972484193652761e+01 1.640389280096660585e+01 1.643370182157782011e+01 1.643891501986838577e+01 1.643214036711522041e+01 1.642440083897950132e+01
1.642402400389808648e+01 1.638896920249594302e+01 1.641904713736014187e+01 1.643651293714039241e+01 1.640446260563163960e+01 1.640202546497966551e+01 1.641211572066445612e+01 1.642168899556541817e+01 1.641046988452343669e+01 1.641069224610837196e+01 1.639975137833378938e+01 1.641992404307169551e+01 1.639800277198734335e+01 1.641065726478891662e+01 1.642128826166122124e+01
1.641339237680923802e+01 1.642046417161753169e+01 1.644638829524437540e+01 1.644232613480502181e+01 1.643988890424342131e+01 1.641240966587804095e+01 1.642055762216692116e+01 1.642192972042905907e+01 1.641911785480838049e+01 1.643487821331714471e+01 1.643533003736292741e+01 1.643626800756770479e+01 1.644541948644076967e+01 1.644723822059619778e+01 1.642594265307764800e+01
1.643194633528975501e+01 1.641516597769041752e+01 1.643292263810549869e+01 1.640734885805570897e+01 1.641687074385235334e+01 1.641683788453724446e+01 1.646864962503594398e+01 1.643075350438762072e+01 1.641928407249323385e+01 1.640840330585217899e+01 1.644437686800703702e+01 1.642579863948600405e+01 1.642020216246733355e+01 1.644350988401619773e+01 1.640471673232763195e+01
1.642780107629937092e+01 1.642740076253751269e+01 1.640631946975430822e+01 1.643503501324111227e+01 1.643522034338020532e+01 1.640355124453666491e+01 1.640170393800890025e+01 1.642476579231113476e+01 1.644017786742747234e+01 1.641709816289097645e+01 1.640771494711109924e+01 1.642270326264073432e+01 1.641561567016476175e+01 1.643724784064550803e+01 1.641430045013174777e+01
1.641339478545000929e+01 1.641692447229218033e+01 1.642202035568618257e+01 1.641270367501514826e+01 1.641774121059888003e+01 1.645323981347157627e+01 1.642857958643533678e+01 1.641779186278024838e+01 1.641580717623524421e+01 1.641711240695016372e+01 1.642548841028488837e+01 1.643584787823776239e+01 1.642365152570475573e+01 1.642109212881300806e+01 1.641446031695477004e+01
1.641907033982055708e+01 1.642924123930610136e+01 1.643393438574162246e+01 1.641130496601115496e+01 1.642781767778168955e+01 1.642645703928235790e+01 1.642268885611812124e+01 1.641539643307049801e+01 1.642586078294536378e+01 1.640968721281543807e+01 1.642656181354942291e+01 1.642883716421672702e+01 1.643741607156195528e+01 1.642602814388976640e+01 1.643334698874381772e+01
1.641885548058734301e+01 1.642460859222282821e+01 1.640932488475285922e+01 1.640908643608050355e+01 1.642658813751905811e+01 1.641060313620926792e+01 1.640779414322859253e+01 1.641609637022776980e+01 1.644191724652153397e+01 1.642205271844282066e+01 1.643333267517566654e+01 1.642260583046783395e+01 1.641835832215631186e+01 1.642105972954425042e+01 1.642911717556801321e+01
1.641664468837505453e+01 1.642004156632216194e+01 1.643256883957181458e+01 1.641207597519651884e+01 1.643895264034097892e+01 1.642358252216824610e+01 1.642951071360450044e+01 1.641961271318699289e+01 1.642394918501948098e+01 1.642658112699580286e+01 1.642339233731460268e+01 1.644400691951327431e+01 1.641414687116764171e+01 1.640991035742725046e+01 1.641597845040906734e+01
1.640326435452091047e+01 1.642408495724427908e+01 1.642623392659694659e+01 1.641288908074518105e+01 1.641916291100135084e+01 1.642555566396043787e+01 1.642243302394859938e+01 1.642133311837358889e+01 1.640720885271102958e+01 1.641996892209014547e+01 1.643384927834979692e+01 1.642601144916773848e+01 1.643080966900788908e+01 1.642996493655981993e+01 1.640730517204891470e+01
1.642054646772745485e+01 1.641669084557316083e+01 1.644414973505062250e+01 1.641902738958218677e+01 1.642193574469557404e+01 1.643026559604942349e+01 1.642482696156400479e+01 1.640667162126624135e+01 1.641169080972251493e+01 1.643034920313547431e+01 1.641872641680225442e+01 1.641322437601041173e+01 1.642576976242635922e+01 1.643058905092933486e+01 1.642929013771111713e+01
1.642849468676267577e+01 1.641124932815231929e+01 1.641585211820017065e+01 1.644349631590381478e+01 1.645175779013603545e+01 1.644715992398858262e+01 1.641275024837495522e+01 1.643105428445395688e+01 1.641558034775466624e+01 1.640735634831797540e+01 1.640089817662691374e+01 1.643751957214427151e+01 1.643983639257982787e+01 1.641786392723312460e+01 1.643536313466916710e+01
1.642537645900745957e+01 1.643466066296944206e+01 1.643244369602578203e+01 1.641761305835390061e+01 1.642218545942861496e+01 1.643925438337958056e+01 1.640685347696945229e+01 1.642473271064805118e+01 1.642072785583113870e+01 1.641645956120887462e+01 1.641404558502640754e+01 1.643518682781387596e+01 1.642013017358769744e+01 1.641483379648753882e+01 1.641364334405646375e+01
1.643933155488466369e+01 1.641255497655268769e+01 1.643075817870229471e+01 1.642583315015670209e+01 1.642486371562466374e+01 1.640464067356558076e+01 1.642694906235670160e+01 1.641756540724103886e+01 1.641010857292995340e+01 1.642322613735390746e+01 1.642146502650679807e+01 1.641071730159050190e+01 1.641904457731576628e+01 1.642750406904509930e+01 1.642852997589439568e+01
1.643722549112504439e+01 1.642512316593430199e+01 1.642191999702380656e+01 1.642920276323707185e+01 1.642692839415009232e+01 1.641057421861667009e+01 1.641025250589610707e+01 1.642968485567107351e+01 1.642765000523055008e+01 1.642107908700205954e+01 1.643769161919628985e+01 1.642613566051087304e+01 1.642507670369986172e+01 1.642575739236533394e+01 1.644560236524691277e+01
1.642231723668187016e+01 1.641858001620426677e+01 1.643103385490741530e+01 1.642321892746634404e+01 1.642113394805765125e+01 1.641870281534169962e+01 1.642101263998944916e+01 1.643951744449206842e+01 1.642977345293821045e+01 1.642273598533811807e+01 1.642317402315843822e+01 1.642038785067716589e+01 1.642836891388329335e+01 1.642939289489039467e+01 1.641749537387602587e+01
1.641371615820019514e+01 1.641814100882441352e+01 1.642733650816412805e+01 1.641589201170240386e+01 1.642031945076406885e+01 1.642544542218577064e+01 1.643737980666758247e+01 1.641701250331583850e+01 1.642403529559378228e+01 1.642476098967859244e+01 1.641068091142762952e+01 1.642759221971735073e+01 1.641625560641119819e+01 1.642889785956269577e+01 1.641277760632922167e+01
1.642357957715215377e+01 1.644685697302811889e+01 1.644054557737018740e+01 1.642800982734606663e+01 1.642723172497046846e+01 1.643714131618980900e+01 1.641047053445813120e+01 1.642120348614705705e+01 1.639874377467724287e+01 1.642041711282822547e+01 1.640574469965506665e+01 1.641362673669662797e+01 1.643655747113315257e+01 1.643191652815207959e+01 1.641248902708967705e+01
1.643613818055780129e+01 1.642002054739159433e+01 1.641664261777440004e+01 1.641970830971483863e+01 1.642538920926342527e+01 1.640557785050632944e+01 1.642866677478512116e+01 1.641196996942305120e+01 1.642385210632631498e+01 1.642989190807638167e+01 1.642478835702969420e+01 1.643467004176229906e+01 1.640849214379236187e+01 1.643113795044882863e+01 1.642880805159493462e+01
1.640317407570541519e+01 1.640893406754688755e+01 1.641741045555075829e+01 1.643198447127026540e+01 1.641521822421621124e+01 1.643193535813172446e+01 1.642457598617312797e+01 1.642509996658509408e+01 1.642432353415267343e+01 1.642778048620683151e+01 1.642765009436107349e+01 1.642398744197362603e+01 1.644954539683177686e+01 1.641524034361630058e+01 1.643101581251719878e+01
1.641780994344565769e+01 1.641748871877188876e+01 1.641594031614573623e+01 1.642310685603355935e+01 1.642556334447105826e+01 1.643868057596942123e+01 1.642013780469280704e+01 1.642754642258201514e+01 1.643142431238385015e+01 1.642581089427418917e+01 1.643922490478199450e+01 1.642668095686383722e+01 1.642044565048290039e+01 1.642393278808710377e+01 1.642528011447283376e+01
1.641042391663767930e+01 1.641989696058412918e+01 1.643577417473929003e+01 1.642631275595854845e+01 1.642132706589997326e+01 1.640425966554508008e+01 1.640212527103092555e+01 1.642222043981585244e+01 1.644213570581367634e+01 1.641933184961234105e+01 1.642706159136981015e+01 1.641610989685795730e+01 1.642298946488239508e+01 1.642719683516656204e+01 1.641258726975535609e+01
1.642397731318914111e+01 1.643573742405292037e+01 1.640467822663175923e+01 1.640888013644369892e+01 1.642718751601058713e+01 1.641552234269003563e+01 1.644626939978421731e+01 1.642176417457519122e+01 1.642343608393979792e+01 1.642668227240146450e+01 1.641006374412627622e+01 1.638036900151682218e+01 1.641452288179225505e+01 1.642418211326687327e+01 1.641391231345562929e+01
1.641192240862476126e+01 1.641458846448410824e+01 1.641546838118360441e+01 1.640840559668365728e+01 1.642217337407777933e+01 1.642165986094484964e+01 1.643877943084411086e+01 1.642121742477987212e+01 1.642844542961332976e+01 1.641759945293519607e+01 1.640406122663929267e+01 1.643501001671538830e+01 1.643458883322659503e+01 1.641615760084236442e+01 1.641880957092855198e+01
1.640165173368959017e+01 1.641188297046021205e+01 1.641703413680236423e+01 1.641354347465936669e+01 1.642478875902047619e+01 1.642157853925058930e+01 1.641646076972067547e+01 1.641065498999846639e+01 1.641908490927886177e+01 1.642628283702875081e+01 1.642159077954877944e+01 1.642005118059938340e+01 1.641880046523115766e+01 1.642980959458940404e+01 1.643332487223077720e+01
1.642411641798084432e+01 1.641695712340872859e+01 1.644975418087836871e+01 1.643663197113351515e+01 1.644195162293491208e+01 1.642896626142371375e+01 1.642692911089623209e+01 1.642800598988517891e+01 1.641183795057769146e+01 1.639716399806725278e+01 1.642155632973215162e+01 1.644405037764225952e+01 1.643391366072930282e+01 1.642329732879554882e+01 1.641787159324568179e+01
1.643683976203525887e+01 1.642331021849096118e+01 1.643870187218852408e+01 1.642474845738434297e+01 1.641007821017353763e+01 1.643169623115856126e+01 1.643146823054800265e+01 1.642289861218972291e+01 1.642472013957332067e+01 1.640809242466729856e+01 1.641946152922638547e+01 1.639375097416661120e+01 1.642951500214345728e+01 1.642728297855655129e+01 1.639468741119830142e+01
1.644214487097121591e+01 1.641373728133252641e+01 1.643455205563518362e+01 1.643109694088133566e+01 1.641134925176722703e+01 1.642394288706275773e+01 1.643331556656285031e+01 1.641715455954943081e+01 1.642956747093672831e+01 1.643561147215605089e+01 1.642399179861530811e+01 1.643219734490392980e+01 1.643328173997846164e+01 1.643361113680475327e+01 1.642756904542035201e+01
1.642600039483955854e+01 1.640851167984069292e+01 1.643888116956514622e+01 1.642610091001638395e+01 1.641986676338083484e+01 1.642626876930072299e+01 1.643406501965131739e+01 1.642820453334911335e+01 1.641890190920530301e+01 1.643592969028307493e+01 1.643752692662813431e+01 1.643315450723411431e+01 1.642040568039247006e+01 1.642364291995361469e+01 1.641424129881722749e+01
1.640770483938671020e+01 1.640757588302586711e+01 1.642043672853932179e+01 1.643219107769601450e+01 1.642407021272031287e+01 1.642151570596221077e+01 1.638879288472971396e+01 1.642173732477352033e+01 1.641224389106296400e+01 1.641363868098704160e+01 1.643633516038802256e+01 1.642407738545248108e+01 1.640385727050713172e+01 1.641980060821732934e+01 1.641390399414849810e+01
1.641491581609765760e+01 1.640186266461135389e+01 1.641933865025145067e+01 1.644753303234131891e+01 1.641839874032558200e+01 1.644850219753409348e+01 1.643702218184023778e+01 1.641891070855851709e+01 1.642171157297385520e+01 1.645329662509653801e+01 1.645678210772621597e+01 1.639053204960399057e+01 1.641853900585810422e+01 1.643028497432956669e+01 1.642613628029318917e+01
1.643442605894916753e+01 1.638621580011421486e+01 1.643119648964694335e+01 1.640499039067014664e+01 1.641140960870468035e+01 1.644217693374125489e+01 1.642455480674273005e+01 1.644685036186630356e+01 1.644188023199922100e+01 1.640768011156033879e+01 1.643660279985957118e+01 1.642625526635707800e+01 1.644358533910055442e+01 1.642746637517654662e+01 1.642161553653190609e+01
1.642624424615295098e+01 1.642996299503500524e+01 1.643443287502748262e+01 1.642796127850883181e+01 1.641411295978750928e+01 1.642119361573074343e+01 1.642282909471365215e+01 1.644062329385157284e+01 1.640804260091662670e+01 1.641886952488931684e+01 1.641347558265525208e+01 1.643579874982961897e+01 1.645366894258186008e+01 1.643627930003396642e+01 1.641824973772650509e+01
1.640629547227536733e+01 1.641876104727220920e+01 1.641960866065220515e+01 1.641534432048045744e+01 1.641656613892053684e+01 1.642675215203646033e+01 1.643355217247651368e+01 1.643048645349852066e+01 1.642044175059141509e+01 1.641536802009002471e+01 1.641678387093450198e+01 1.642411204403626357e+01 1.642042625090484975e+01 1.643141168918808503e+01 1.642655665077554517e+01
1.642707794322069503e+01 1.643514720767167248e+01 1.642709635325606499e+01 1.642082493243180963e+01 1.643285670520025121e+01 1.642639282791249755e+01 1.643687784123186191e+01 1.641451670232984483e+01 1.642622233706424240e+01 1.643193342086757625e+01 1.642503206667575100e+01 1.641337694710259498e+01 1.641932894904381968e+01 1.643529037632469780e+01 1.642469961055945760e+01
1.641349615057379197e+01 1.641053242419253522e+01 1.642314568072887937e+01 1.642513706675084961e+01 1.643325735843102109e+01 1.641576366448256863e+01 1.641723368495755508e+01 1.642416657079347786e+01 1.642882549908529555e+01 1.643675122487782758e+01 1.644869674243289737e+01 1.643127414496905558e+01 1.642611340804593922e+01 1.644540924065672627e+01 1.641599118635238952e+01
1.641752005032786244e+01 1.642082705498113882e+01 1.641464098694571305e+01 1.643297985573958542e+01 1.642506820638896059e+01 1.643859844316807184e+01 1.639705859786969810e+01 1.641703535357939359e+01 1.640954852534718711e+01 1.642393755818479306e+01 1.643143632533865883e+01 1.643424914697875039e+01 1.641214879779458968e+01 1.641760371408352981e+01 1.641822522608786628e+01
1.641954166984866248e+01 1.640873781256586028e+01 1.642631169610560704e+01 1.643472985523395735e+01 1.641085943238218903e+01 1.643544654617513956e+01 1.642367366231331971e+01 1.643798895731518783e+01 1.644972320105179264e+01 1.643120022609323883e+01 1.643573300999587161e+01 1.643667500711626417e+01 1.641477943553179131e+01 1.640508120863512076e+01 1.642570059461410992e+01
1.642769103976321077e+01 1.641290665634705093e+01 1.642879269315631419e+01 1.641982673731703812e+01 1.645152420244346914e+01 1.642859805261167594e+01 1.642351455524647719e+01 1.643462645552930113e+01 1.643904899379828066e+01 1.643192948356102789e+01 1.642713358617092823e+01 1.643793600139666111e+01 1.641576352058129018e+01 1.643133654778938535e+01 1.643140551735221422e+01
1.643350143033800137e+01 1.643157490833360868e+01 1.643294892255097750e+01 1.639593767818801240e+01 1.642719208992531676e+01 1.644218802655616329e+01 1.641936324985771023e+01 1.639297816472263847e+01 1.643451288978907598e+01 1.643207769904142168e+01 1.641417101096545750e+01 1.641080594309142526e+01 1.641860596078089074e+01 1.643861324181997574e+01 1.643965486518387564e+01
1.643761458600929615e+01 1.642746584899891005e+01 1.639748585919967283e+01 1.643191632064028340e+01 1.641311905598096388e+01 1.643248402749167525e+01 1.643212562365740226e+01 1.641862034206318910e+01 1.642364897919585331e+01 1.641575912430318596e+01 1.640623495471999505e+01 1.642080722801976833e+01 1.643482383714760431e+01 1.639861026273107925e+01 1.643970940636599920e+01
1.642630548426941672e+01 1.643780522362792595e+01 1.645037747818234664e+01 1.642549075975207629e+01 1.643040998392527285e+01 1.642936069329331161e+01 1.642697090007434113e+01 1.642396459012821097e+01 1.642856997159035970e+01 1.644239477063176835e+01 1.644311547422622155e+01 1.641832220808162646e+01 1.640574340722920610e+01 1.640016959263446239e+01 1.643405783412313781e+01
1.643345819941145791e+01 1.642394543869047752e+01 1.642598695008269161e+01 1.643238443720153796e+01 1.640891045471306242e+01 1.641155369836434375e+01 1.641375460121201968e+01 1.643563035138597428e+01 1.641692218623609989e+01 1.642869299733266786e+01 1.643432030992684645e+01 1.642659801628516192e+01 1.641983280988339544e+01 1.641812453133090344e+01 1.642530622359664250e+01
1.643302606206081151e+01 1.640055210263259156e+01 1.642532013423127424e+01 1.643665165867149369e+01 1.642756391273939798e+01 1.642995901785342738e+01 1.642000857154231497e+01 1.641997147476077146e+01 1.641997085573315474e+01 1.640801380565491030e+01 1.642701622341041201e+01 1.641978943795808377e+01 1.642136648342983918e+01 1.644371122736352575e+01 1.642496139750720374e+01
1.641446848761994559e+01 1.642399266485717746e+01 1.642624383830384716e+01 1.642768006848065099e+01 1.642824727007625540e+01 1.642467401392094217e+01 1.644320262193442161e+01 1.641930309945824717e+01 1.641947492785178397e+01 1.642683463734519833e+01 1.643225439437697943e+01 1.640648293444583317e+01 1.640469463094628466e+01 1.641870742868376354e+01 1.641565655167833171e+01
1.640483679286982266e+01 1.641127132647745057e+01 1.642591523818477839e+01 1.642693672159344942e+01 1.642081663327303787e+01 1.643721974357606541e+01 1.643338513392535916e+01 1.641129695204272565e+01 1.641902255199041250e+01 1.642437912179612525e+01 1.639856198494970840e+01 1.642250305862912185e+01 1.645254137566183772e+01 1.640838572604592471e+01 1.639799252005927954e+01
1.641688015855352845e+01 1.641532415365047370e+01 1.639893158175557630e+01 1.640417988699290675e+01 1.642069050732213853e+01 1.641510409751965582e+01 1.643851661580475820e+01 1.641961489042748568e+01 1.643706768226181225e+01 1.642301177616768726e+01 1.642887131606688200e+01 1.643267145147128261e+01 1.641476516634493166e+01 1.643955850173888678e+01 1.643270652256253328e+01
1.642231251909161216e+01 1.642862104927527866e+01 1.643278557377140814e+01 1.642101579531486877e+01 1.643219606187281201e+01 1.640221308687777224e+01 1.643216311945653629e+01 1.642437859663312238e+01 1.643035313098405226e+01 1.641303753985934932e+01 1.641005268088703417e+01 1.642424367288157327e+01 1.641687728712777883e+01 1.641900727289775119e+01 1.641949141915669230e+01
1.642635562112838343e+01 1.644444466100257074e+01 1.641326614740006562e+01 1.642596054569667885e+01 1.640942115335402107e+01 1.642941385554112443e+01 1.640734044354906018e+01 1.641424840564434717e+01 1.643573518778329401e+01 1.641651365525888195e+01 1.642270084967197619e+01 1.641104747448914480e+01 1.643277896418986117e+01 1.643228648960398530e+01 1.642667503789107997e+01
1.642886529349087255e+01 1.641414390040379701e+01 1.642624053808773965e+01 1.644405082098672821e+01 1.645971328073105866e+01 1.641784903174936616e+01 1.639932728835711728e+01 1.643751878110174403e+01 1.642066123885211226e+01 1.645350061643797446e+01 1.642719649511169067e+01 1.642060721974179671e+01 1.641461227597940464e+01 1.643766387173668875e+01 1.641898913081356071e+01
1.642945634437543845e+01 1.641915194803014444e+01 1.641468763725134394e+01 1.643604051815913891e+01 1.639742718908321706e+01 1.641394609818116379e+01 1.640449524554019689e+01 1.641816557582698621e+01 1.642098239755242517e+01 1.641375793313006426e+01 1.643595480047549273e+01 1.644511793694805490e+01 1.638953028869018169e+01 1.642859144138742167e+01 1.643133954875442981e+01
1.642970601111440132e+01 1.639241857930968393e+01 1.644851589288943572e+01 1.642900280883756281e+01 1.643554291954193403e+01 1.642735374972784257e+01 1.643085202182217586e+01 1.641006907957270045e+01 1.643593524108679205e+01 1.641743453755339388e+01 1.639244940292856256e+01 1.641617370128695086e+01 1.640525595083467536e+01 1.641387362206286227e+01 1.642653118336684770e+01
1.641851504809546469e+01 1.641557374003902225e+01 1.643105329306185425e+01 1.642551566377596828e+01 1.642498201496757915e+01 1.644288493221538516e+01 1.640707020642139824e+01 1.640757427962408599e+01 1.640924965784449441e+01 1.642975299136218226e+01 1.642067640135753948e+01 1.641853168194374746e+01 1.640989628446994431e+01 1.643372865984936126e+01 1.645379090876776118e+01
1.641896704278995855e+01 1.642067664746046773e+01 1.639239151248437310e+01 1.643263859974606689e+01 1.640193200005107244e+01 1.641979543337425085e+01 1.642774638037748858e+01 1.640527688512912619e+01 1.642329099870518405e+01 1.641474800851878157e+01 1.640808370176458553e+01 1.641583702513162280e+01 1.640135244528007519e+01 1.639426696690264151e+01 1.643859656024915239e+01
1.642360082900997398e+01 1.642882586586022242e+01 1.646942628600923797e+01 1.642283314715869480e+01 1.643106872697262588e+01 1.641616616943326079e+01 1.640857501573030319e+01 1.642080819116619494e+01 1.641400361373297301e+01 1.642244692115671256e+01 1.643127068419035552e+01 1.641767571054402097e+01 1.643613549179160671e+01 1.643180369945081409e+01 1.645679822783307600e+01
1.640785545342137297e+01 1.642137172145842783e+01 1.642852816336048249e+01 1.644467106985811711e+01 1.643104390943122439e+01 1.642302286813053769e+01 1.644222639176012635e+01 1.643645883333691415e+01 1.645437952244838442e+01 1.639643199992357125e+01 1.644321097574815482e+01 1.641802152068605380e+01 1.641611631792752135e+01 1.641439788195177130e+01 1.641954789654226587e+01
1.642709148885510828e+01 1.642299663596298842e+01 1.640727498490900160e+01 1.641658063658022115e+01 1.640668326637440444e+01 1.642560265071117342e+01 1.642538576039657627e+01 1.643203066645728683e+01 1.642140188835624670e+01 1.643343214872041003e+01 1.644314490176354582e+01 1.641744524893935164e+01 1.643389449953315662e+01 1.641109591143824176e+01 1.644495608774684570e+01
1.644480010522966040e+01 1.641520309545888523e+01 1.641486647308577318e+01 1.642215273702600342e+01 1.644227917313379450e+01 1.641560315721384811e+01 1.641678461721371463e+01 1.641474597774269739e+01 1.643126169651420554e+01 1.641198179328472406e+01 1.641471566840846563e+01 1.641644970629274525e+01 1.642446528289512386e+01 1.642229643300473896e+01 1.642468738158276054e+01
1.644680660170756070e+01 1.643269561921229283e+01 1.643244020811141226e+01 1.640960170830244635e+01 1.640478972648842770e+01 1.642607589660834577e+01 1.643204705246014541e+01 1.641051621824210471e+01 1.640234301441256193e+01 1.641957188437372395e+01 1.642712004447298924e+01 1.642546190731265554e+01 1.642541095740255841e+01 1.641835760857646065e+01 1.641548268248334352e+01
1.641855248813460832e+01 1.642796380014190660e+01 1.642186461890940663e+01 1.644238655252772574e+01 1.644352733119598398e+01 1.643216468932915575e+01 1.641593500010171525e+01 1.642339410681112355e+01 1.644247085813480780e+01 1.641429223408089655e+01 1.642873649130593705e+01 1.641791752012190386e+01 1.641467239525394817e+01 1.643800018903634097e+01 1.642524437910754997e+01
1.643844610398575057e+01 1.642080172866795351e+01 1.643545275643752390e+01 1.641981392478207979e+01 1.640264747324599881e+01 1.641769923479595406e+01 1.643199129359749477e+01 1.642733890063031765e+01 1.642548026927916638e+01 1.642002753976426987e+01 1.643071870654432232e+01 1.642124628834739042e+01 1.642298348708504818e+01 1.643613746662231634e+01 1.642732125267288268e+01
1.642695381447810377e+01 1.643519671551714012e+01 1.642378305596070476e+01 1.643251516428934167e+01 1.639806831746746596e+01 1.641818905294614694e+01 1.640772778954510258e+01 1.640249484121300227e+01 1.642116902365699360e+01 1.643637794205444180e+01 1.643420802602894071e+01 1.643163426902481916e+01 1.641434986811879781e+01 1.644746103445071128e+01 1.641551456390367392e+01
1.641037897869404460e+01 1.642221166005842292e+01 1.641416715145859584e+01 1.643497539373109007e+01 1.644164892791264521e+01 1.642232055057510465e+01 1.641800309576204953e+01 1.640227243476404340e+01 1.642822736829295494e+01 1.641225569784815974e+01 1.644798999082058444e+01 1.643960646712311302e+01 1.641453388040388361e+01 1.643163860177268987e+01 1.642503209076688719e+01
1.643994043670128846e+01 1.641364187809662312e+01 1.643065492970634622e+01 1.642418515275341306e+01 1.641459535339610198e+01 1.642503307516157562e+01 1.645776649981243978e+01 1.641531307150239982e+01 1.642481246085112190e+01 1.641762853256758703e+01 1.645863956937952111e+01 1.642664233237443128e+01 1.642054915902387791e+01 1.643867000920847232e+01 1.641390582414720711e+01
1.642289762167757061e+01 1.641385498498974371e+01 1.640861947427387690e+01 1.644084572304991454e+01 1.645292245659853947e+01 1.642057181916062447e+01 1.643969011952804493e+01 1.641189143723739718e+01 1.642070563939776306e+01 1.643705004433834915e+01 1.641606386710362386e+01 1.641239313140384937e+01 1.641742982511937754e+01 1.642637374555159013e+01 1.642539120667372998e+01
1.642573469028577904e+01 1.642876967506027697e+01 1.642895028010204683e+01 1.641928939913267627e+01 1.645092483725285248e+01 1.641627469435172060e+01 1.642848551114288469e+01 1.642132811773270618e+01 1.644311112252257701e+01 1.644107924782777985e+01 1.642389107604528320e+01 1.643696161055159166e+01 1.641684388343605860e+01 1.641788660436052893e+01 1.642321842866540749e+01
1.643326154737374623e+01 1.645531862397727352e+01 1.641390147318261583e+01 1.642792137636289951e+01 1.641906833268506816e+01 1.639355993045706583e+01 1.641745713893601888e+01 1.643402940770824117e+01 1.642898474337984283e+01 1.641800136251295328e+01 1.643231298908774818e+01 1.643397431490292249e+01 1.640603352533517878e+01 1.642052343680537518e+01 1.642499670928705413e+01
1.642659603681164526e+01 1.643609310607699570e+01 1.641525582328005939e+01 1.644104997314772021e+01 1.640919418334278390e+01 1.643076685584719954e+01 1.643019596498878698e+01 1.641112459048528294e+01 1.644818311848122150e+01 1.641228031080856198e+01 1.642517038929446471e+01 1.641765015422378582e+01 1.644365453948125122e+01 1.643257768001906527e+01 1.640698533297357997e+01
1.643079158223061498e+01 1.643113503027917588e+01 1.642365185395298255e+01 1.641022943792969713e+01 1.641339563328372364e+01 1.641649976320915627e+01 1.642409044591041223e+01 1.641756197254179739e+01 1.642137925562983014e+01 1.643444512971819549e+01 1.641308217607500808e+01 1.643297861564834506e+01 1.643848336128345977e+01 1.643454238170390269e+01 1.640489389135179010e+01
1.641970714831787603e+01 1.642731754267554933e+01 1.644146893810994214e+01 1.642206563624420212e+01 1.642389813534713383e+01 1.644314038486326979e+01 1.641611551535042679e+01 1.641881795085575746e+01 1.643564600120369334e+01 1.640719387881468094e+01 1.642329161626291167e+01 1.642989526613828488e+01 1.642638194601281754e+01 1.642066956851894943e+01 1.642350112865708311e+01
1.642275146948856346e+01 1.639878464723222251e+01 1.643469396386642956e+01 1.638765909115260655e+01 1.644037613072714876e+01 1.642341811906511495e+01 1.643014853723377655e+01 1.644003641116216130e+01 1.641811551234978239e+01 1.643241865417909153e+01 1.643822378233776504e+01 1.643987448133082552e+01 1.640115195952649785e+01 1.645649612881550539e+01 1.642458883441900497e+01
1.643576432935990539e+01 1.641918014601978726e+01 1.641356308507357298e+01 1.642631349055347201e+01 1.641218449906450516e+01 1.641236450618913523e+01 1.642159180232341242e+01 1.644378904223544779e+01 1.641259498121283755e+01 1.640499388260916547e+01 1.644061695738090378e+01 1.643629915420534715e+01 1.643913143617809425e+01 1.642670611373697298e+01 1.640735157978339132e+01
1.640665546261574903e+01 1.642536288368377484e+01 1.641483269176644200e+01 1.640904661559994437e+01 1.645210350332012794e+01 1.641874389164485137e+01 1.642936152503063951e+01 1.642345211400042615e+01 1.641521058036803282e+01 1.640624248776149585e+01 1.644594762705514768e+01 1.643310933782552752e+01 1.644409267634436844e+01 1.641654920292382158e+01 1.641422014680994934e+01
1.645098134430845604e+01 1.642820904931316406e+01 1.640919927363017905e+01 1.642955909052654917e+01 1.643968853730161328e+01 1.642879448868063719e+01 1.644033042199470529e+01 1.643571262376405073e+01 1.640947375960412558e+01 1.642078985263867352e+01 1.640861033543151493e+01 1.643793569991670367e+01 1.641356184069092805e+01 1.640716308049397654e+01 1.640843954697907847e+01
1.642165912484748347e+01 1.641635183253532659e+01 1.641376363639951919e+01 1.642994883939246975e+01 1.641455398322312575e+01 1.640872137926426788e+01 1.643665937707546831e+01 1.639195305908075539e+01 1.643636755919934345e+01 1.641616724912813652e+01 1.641667569444632946e+01 1.641628218446631493e+01 1.645785558007753124e+01 1.640801692006168366e+01 1.642731141110219184e+01
1.643326154737374623e+01 1.645531862397727352e+01 1.641390147318261583e+01 1.642792137636289951e+01 1.641906833268506816e+01 1.639355993045706583e+01 1.641745713893601888e+01 1.643402940770824117e+01 1.642898474337984283e+01 1.641800136251295328e+01 1.643231298908774818e+01 1.643397431490292249e+01 1.640603352533517878e+01 1.642052343680537518e+01 1.642499670928705413e+01
1.642695381447810377e+01 1.643519671551714012e+01 1.642378305596070476e+01 1.643251516428934167e+01 1.639806831746746596e+01 1.641818905294614694e+01 1.640772778954510258e+01 1.640249484121300227e+01 1.642116902365699360e+01 1.643637794205444180e+01 1.643420802602894071e+01 1.643163426902481916e+01 1.641434986811879781e+01 1.644746103445071128e+01 1.641551456390367392e+01
1.641037897869404460e+01 1.642221166005842292e+01 1.641416715145859584e+01 1.643497539373109007e+01 1.644164892791264521e+01 1.642232055057510465e+01 1.641800309576204953e+01 1.640227243476404340e+01 1.642822736829295494e+01 1.641225569784815974e+01 1.644798999082058444e+01 1.643960646712311302e+01 1.641453388040388361e+01 1.643163860177268987e+01 1.642503209076688719e+01
1.643994043670128846e+01 1.641364187809662312e+01 1.643065492970634622e+01 1.642418515275341306e+01 1.641459535339610198e+01 1.642503307516157562e+01 1.645776649981243978e+01 1.641531307150239982e+01 1.642481246085112190e+01 1.641762853256758703e+01 1.645863956937952111e+01 1.642664233237443128e+01 1.642054915902387791e+01 1.643867000920847232e+01 1.641390582414720711e+01
1.642289762167757061e+01 1.641385498498974371e+01 1.640861947427387690e+01 1.644084572304991454e+01 1.645292245659853947e+01 1.642057181916062447e+01 1.643969011952804493e+01 1.641189143723739718e+01 1.642070563939776306e+01 1.643705004433834915e+01 1.641606386710362386e+01 1.641239313140384937e+01 1.641742982511937754e+01 1.642637374555159013e+01 1.642539120667372998e+01
1.642573469028577904e+01 1.642876967506027697e+01 1.642895028010204683e+01 1.641928939913267627e+01 1.645092483725285248e+01 1.641627469435172060e+01 1.642848551114288469e+01 1.642132811773270618e+01 1.644311112252257701e+01 1.644107924782777985e+01 1.642389107604528320e+01 1.643696161055159166e+01 1.641684388343605860e+01 1.641788660436052893e+01 1.642321842866540749e+01
1.642659603681164526e+01 1.643609310607699570e+01 1.641525582328005939e+01 1.644104997314772021e+01 1.640919418334278390e+01 1.643076685584719954e+01 1.643019596498878698e+01 1.641112459048528294e+01 1.644818311848122150e+01 1.641228031080856198e+01 1.642517038929446471e+01 1.641765015422378582e+01 1.644365453948125122e+01 1.643257768001906527e+01 1.640698533297357997e+01
1.643079158223061498e+01 1.643113503027917588e+01 1.642365185395298255e+01 1.641022943792969713e+01 1.641339563328372364e+01 1.641649976320915627e+01 1.642409044591041223e+01 1.641756197254179739e+01 1.642137925562983014e+01 1.643444512971819549e+01 1.641308217607500808e+01 1.643297861564834506e+01 1.643848336128345977e+01 1.643454238170390269e+01 1.640489389135179010e+01
1.641970714831787603e+01 1.642731754267554933e+01 1.644146893810994214e+01 1.642206563624420212e+01 1.642389813534713383e+01 1.644314038486326979e+01 1.641611551535042679e+01 1.641881795085575746e+01 1.643564600120369334e+01 1.640719387881468094e+01 1.642329161626291167e+01 1.642989526613828488e+01 1.642638194601281754e+01 1.642066956851894943e+01 1.642350112865708311e+01
1.642275146948856346e+01 1.639878464723222251e+01 1.643469396386642956e+01 1.638765909115260655e+01 1.644037613072714876e+01 1.642341811906511495e+01 1.643014853723377655e+01 1.644003641116216130e+01 1.641811551234978239e+01 1.643241865417909153e+01 1.643822378233776504e+01 1.643987448133082552e+01 1.640115195952649785e+01 1.645649612881550539e+01 1.642458883441900497e+01
1.643576432935990539e+01 1.641918014601978726e+01 1.641356308507357298e+01 1.642631349055347201e+01 1.641218449906450516e+01 1.641236450618913523e+01 1.642159180232341242e+01 1.644378904223544779e+01 1.641259498121283755e+01 1.640499388260916547e+01 1.644061695738090378e+01 1.643629915420534715e+01 1.643913143617809425e+01 1.642670611373697298e+01 1.640735157978339132e+01
1.640665546261574903e+01 1.642536288368377484e+01 1.641483269176644200e+01 1.640904661559994437e+01 1.645210350332012794e+01 1.641874389164485137e+01 1.642936152503063951e+01 1.642345211400042615e+01 1.641521058036803282e+01 1.640624248776149585e+01 1.644594762705514768e+01 1.643310933782552752e+01 1.644409267634436844e+01 1.641654920292382158e+01 1.641422014680994934e+01
1.645098134430845604e+01 1.642820904931316406e+01 1.640919927363017905e+01 1.642955909052654917e+01 1.643968853730161328e+01 1.642879448868063719e+01 1.644033042199470529e+01 1.643571262376405073e+01 1.640947375960412558e+01 1.642078985263867352e+01 1.640861033543151493e+01 1.643793569991670367e+01 1.641356184069092805e+01 1.640716308049397654e+01 1.640843954697907847e+01
1.642165912484748347e+01 1.641635183253532659e+01 1.641376363639951919e+01 1.642994883939246975e+01 1.641455398322312575e+01 1.640872137926426788e+01 1.643665937707546831e+01 1.639195305908075539e+01 1.643636755919934345e+01 1.641616724912813652e+01 1.641667569444632946e+01 1.641628218446631493e+01 1.645785558007753124e+01 1.640801692006168366e+01 1.642731141110219184e+01
