1.147380525410562946e+01 1.147062838580756505e+01 1.152469449577914773e+01 1.173618516656411259e+01 1.153281365069745412e+01 1.172674264701622171e+01 1.144807977968150148e+01 1.160974436347768091e+01 1.154981790012791798e+01 1.154671816842977883e+01 1.141025912088908356e+01 1.143123538054940269e+01 1.154976073658784408e+01 1.141880739793868393e+01 1.145455632499207077e+01
1.149493026101670168e+01 1.142694408458725697e+01 1.149277953074935787e+01 1.173298372673971102e+01 1.154285467150123701e+01 1.172538064219053489e+01 1.144868144806371468e+01 1.158985210442790681e+01 1.150596429039532786e+01 1.151456497521264133e+01 1.139904951639941366e+01 1.141338925456702924e+01 1.152089618619610611e+01 1.142065925960463524e+01 1.141148308615827034e+01
1.152693386368232709e+01 1.146234498737078589e+01 1.151774482880793471e+01 1.172884583896806276e+01 1.155722541451925700e+01 1.175500564377447077e+01 1.148124822143198287e+01 1.160273874467698896e+01 1.150006971275781353e+01 1.151442458909527744e+01 1.143548625737286883e+01 1.143943359190847708e+01 1.152440846136009611e+01 1.145843901489262251e+01 1.143870441480569333e+01
1.151392184526475226e+01 1.144460614642685137e+01 1.150477498889434536e+01 1.173062680875523789e+01 1.154718095944878264e+01 1.172206858875408209e+01 1.148391813891318769e+01 1.160755998941066380e+01 1.151466678458687021e+01 1.152627841956124932e+01 1.140354844614291530e+01 1.144087530005241682e+01 1.153275100521517160e+01 1.146006083437594114e+01 1.143630177418072869e+01
1.143544314905174275e+01 1.140104844624274172e+01 1.147564720426148277e+01 1.170102428855902055e+01 1.152467624194763118e+01 1.176654414952098371e+01 1.141498938412721031e+01 1.154874231119819150e+01 1.147531278759907281e+01 1.150898140963360028e+01 1.140166195358279033e+01 1.134931626447760422e+01 1.145543592305896752e+01 1.138376109249684376e+01 1.139464771774162344e+01
1.150334315119948947e+01 1.146894156759858951e+01 1.152693283303547744e+01 1.174604883118760590e+01 1.157478180463475326e+01 1.176922690374975922e+01 1.145098928822745421e+01 1.161709424691766301e+01 1.155140608017206461e+01 1.153996587366571980e+01 1.144916166065912400e+01 1.144901472065366121e+01 1.152397157140356043e+01 1.144595650573464418e+01 1.145893116017570712e+01
1.149099310490637293e+01 1.142722822499302993e+01 1.150149855675872779e+01 1.172114731369457452e+01 1.156880720931428108e+01 1.178754930311011861e+01 1.143798520089855231e+01 1.157138649961707344e+01 1.151093180114854242e+01 1.151306912210948674e+01 1.141136745502760697e+01 1.141314640870943009e+01 1.147049649375898817e+01 1.140555403475301333e+01 1.141979163243278173e+01
1.148080717224233105e+01 1.143953203658348272e+01 1.145663730413487436e+01 1.172089616721580896e+01 1.153664681402612757e+01 1.173899703006512318e+01 1.142839062801035510e+01 1.160368546648715160e+01 1.151856176490296058e+01 1.151514468020256388e+01 1.140039027149330586e+01 1.140283426900428765e+01 1.148657267108768387e+01 1.139803644251700199e+01 1.142420744511744424e+01
1.148626960708092959e+01 1.145200623352648073e+01 1.151208877658348229e+01 1.173612987842514599e+01 1.156199796515550737e+01 1.171833246820338736e+01 1.145121792495510959e+01 1.157948687530556597e+01 1.152053470292031534e+01 1.153322503441892621e+01 1.143066185409649194e+01 1.140558130639523249e+01 1.148959513873182736e+01 1.144044234347252065e+01 1.141493001819709185e+01
1.145774587275994882e+01 1.143939395223116406e+01 1.147956902150352398e+01 1.170541792026698502e+01 1.157381537425061246e+01 1.177677233179664462e+01 1.144878934245790703e+01 1.153391925992022848e+01 1.150120388255031401e+01 1.154248730074903051e+01 1.142481395648527887e+01 1.141010614407051449e+01 1.147647902940272147e+01 1.143489157072322548e+01 1.140624563267692970e+01
1.146799625465843597e+01 1.143444661247734118e+01 1.151114880994652268e+01 1.173458031642972088e+01 1.156879762178926718e+01 1.171241867701536776e+01 1.144546422970450017e+01 1.156958982859805296e+01 1.152158116434165791e+01 1.150109323799270733e+01 1.143893299325557678e+01 1.142302358587644839e+01 1.150632170655661923e+01 1.144678502498088690e+01 1.142239917632043067e+01
1.146738852504835293e+01 1.140786901608458059e+01 1.148103406262766057e+01 1.172533011516320478e+01 1.154763096698635927e+01 1.175953924593723876e+01 1.145162822645023404e+01 1.153664524582311302e+01 1.150279184366884699e+01 1.150922734539442693e+01 1.143206170721522952e+01 1.139796295484825350e+01 1.147030386295630322e+01 1.143530676981676741e+01 1.137479231928120527e+01
1.142602865276855617e+01 1.141571461665296994e+01 1.140044186151896888e+01 1.165463213038742296e+01 1.149648996445220739e+01 1.171181482789842221e+01 1.138884007900071715e+01 1.150420827162406567e+01 1.143959478596696044e+01 1.151088927692150143e+01 1.136252217395629849e+01 1.136054313196252252e+01 1.141940034118637826e+01 1.139179716130782793e+01 1.139734117267778757e+01
1.146384354037193631e+01 1.139512828755355578e+01 1.139884373346406399e+01 1.167235077618107830e+01 1.150768954322855464e+01 1.169182586982738314e+01 1.142467743709005390e+01 1.151284224574453852e+01 1.142440669761024807e+01 1.151585578505517482e+01 1.137612992673051338e+01 1.135646217753350662e+01 1.143785571547617508e+01 1.139164417436834675e+01 1.137776630902791553e+01
1.135808223767559966e+01 1.131890335473458364e+01 1.141508310369111712e+01 1.165726782658380323e+01 1.148535571616009854e+01 1.170270727123987520e+01 1.132434193579290671e+01 1.147047447536934150e+01 1.141018655460947251e+01 1.137937027360752040e+01 1.130522414169796086e+01 1.131397985118427840e+01 1.138170640293407310e+01 1.130500948238894665e+01 1.131973327003974816e+01
1.134971709787283167e+01 1.129709122123494858e+01 1.130551536349852881e+01 1.160572251550490996e+01 1.147388735996877962e+01 1.165211149160417392e+01 1.130708493044725849e+01 1.147151246043149264e+01 1.135566834873696962e+01 1.142326945760366996e+01 1.132888804451895481e+01 1.129846293905040433e+01 1.138500958201108482e+01 1.131860104855252125e+01 1.126632422535531219e+01
1.146043811533042245e+01 1.145294100949709204e+01 1.146739164098582897e+01 1.170340675484232307e+01 1.154684686447968822e+01 1.175074502643561836e+01 1.143864031113855972e+01 1.156924883559975292e+01 1.150159906715212621e+01 1.151835655920012691e+01 1.142953583302370113e+01 1.141395828016490555e+01 1.152028572704025500e+01 1.143770873394797327e+01 1.143906475769014541e+01
1.145524246244150213e+01 1.142873871454159485e+01 1.149295158648887138e+01 1.172985145169673693e+01 1.157417222825906933e+01 1.178372366447005426e+01 1.142114369251649997e+01 1.155879032912471338e+01 1.149498938995397346e+01 1.151391541519574879e+01 1.144632402535718541e+01 1.142765402460739210e+01 1.149210113147957379e+01 1.142209291821662553e+01 1.142546566249241202e+01
1.147842072946141556e+01 1.144731685430448387e+01 1.152255049059787773e+01 1.176253217991598987e+01 1.157921978978411381e+01 1.176714289607145680e+01 1.144788334607489233e+01 1.157550707509576959e+01 1.153072424983896127e+01 1.152552799891239133e+01 1.142215078050636023e+01 1.140841304107240717e+01 1.150217010050414324e+01 1.143404335532186167e+01 1.142036671871941422e+01
1.148793415534791507e+01 1.144237178609785843e+01 1.152372627904716040e+01 1.172693000722324008e+01 1.159032283270937569e+01 1.179168937934487182e+01 1.142873875911485015e+01 1.157836377879244161e+01 1.151123722002719241e+01 1.152828711339325807e+01 1.143785092670189663e+01 1.142175809025525091e+01 1.150102523029136137e+01 1.142611148869166371e+01 1.144305606288925148e+01
1.142259950433932936e+01 1.138271332670549896e+01 1.150816940546899225e+01 1.171155462283796744e+01 1.145323921517368682e+01 1.172486238385077861e+01 1.140651715964934176e+01 1.155325645064916706e+01 1.148832263234904261e+01 1.144244842004276741e+01 1.138648726686140655e+01 1.136772682251716837e+01 1.149013628808727638e+01 1.139743711693872541e+01 1.138246775789883714e+01
1.148009468377423836e+01 1.143515513063792532e+01 1.150140647842984976e+01 1.172832664704955619e+01 1.159190292256960397e+01 1.179622030324401116e+01 1.145249705226645709e+01 1.158324919602127245e+01 1.151436835377105439e+01 1.151022509295019169e+01 1.139418402379999584e+01 1.140281560542194939e+01 1.149534505096571735e+01 1.141795944500447924e+01 1.143572330210918331e+01
1.143412252925468486e+01 1.139275101406629531e+01 1.145192385044304473e+01 1.170562887637211524e+01 1.148409849820820838e+01 1.170888121421797479e+01 1.139929227195530892e+01 1.153955461212295930e+01 1.148028938436799606e+01 1.145608827868586310e+01 1.138706979232272509e+01 1.138686036585301942e+01 1.150052998814606475e+01 1.137081956420793993e+01 1.140879672928290312e+01
1.145225261230087987e+01 1.141593898592660672e+01 1.144464308850429468e+01 1.166372506547203081e+01 1.151177226378099405e+01 1.173413083856595129e+01 1.140838820717480218e+01 1.154543759525676627e+01 1.148735880916512642e+01 1.150827282583144395e+01 1.135939589076255807e+01 1.138371725914922550e+01 1.147289971998425528e+01 1.139651304231648865e+01 1.143020838370686398e+01
1.146316277512793569e+01 1.143436683508281781e+01 1.149500916750489488e+01 1.169728699145795225e+01 1.153911965928257111e+01 1.173763498835856822e+01 1.143818276070177120e+01 1.155118765545044823e+01 1.149755936333730055e+01 1.151726794616820015e+01 1.138876946701160797e+01 1.142477295606372323e+01 1.149550373670830794e+01 1.145539361903901110e+01 1.142227974373314936e+01
1.149090152200667703e+01 1.145229068377616244e+01 1.148802182370024205e+01 1.174501883441162953e+01 1.155717926383809768e+01 1.173530507978946957e+01 1.145723865978494871e+01 1.156493605545669823e+01 1.151117426899331342e+01 1.150556984686771322e+01 1.143116994689754407e+01 1.142014189151252523e+01 1.150058071345962141e+01 1.144450347322396588e+01 1.142909509068075735e+01
1.148374735724094897e+01 1.145345447504501024e+01 1.148818411810674434e+01 1.173334953075886133e+01 1.156759360732357145e+01 1.175035254144340335e+01 1.144659900323865642e+01 1.159411760233880173e+01 1.152689460497185436e+01 1.151983155977884721e+01 1.144321543397314578e+01 1.142185118280039369e+01 1.151455369699798936e+01 1.142358238230566592e+01 1.143619141368695935e+01
1.150927181209919503e+01 1.146448344194095981e+01 1.151511260023152161e+01 1.175729832472166869e+01 1.157900189070212882e+01 1.175341720041710758e+01 1.147014204827548411e+01 1.159918842845566544e+01 1.152636016767332983e+01 1.151596864186187474e+01 1.145216489942480287e+01 1.143534605509475455e+01 1.152518481728280975e+01 1.147004399778569095e+01 1.142971166072906897e+01
1.145590402224276794e+01 1.137031931940819618e+01 1.143299172558910826e+01 1.167039664088677853e+01 1.150866701682416071e+01 1.174827672342049212e+01 1.142845470079367054e+01 1.154289492964365493e+01 1.146720470273629822e+01 1.151150601291834619e+01 1.137683605880158844e+01 1.136084784526948788e+01 1.149066707051282066e+01 1.137686643349254823e+01 1.137843656497755696e+01
1.145581634186266839e+01 1.143285771208682178e+01 1.146975871934920832e+01 1.172082253901552207e+01 1.159121068029126533e+01 1.174938790522048926e+01 1.142362203760941419e+01 1.153710539932194301e+01 1.150329962833878028e+01 1.146238789994128560e+01 1.143354403657729002e+01 1.140384763078856345e+01 1.145438661366724098e+01 1.139838414205907746e+01 1.140077222794330680e+01
1.146626185518910113e+01 1.142390377000321067e+01 1.146222884758544680e+01 1.170705134209098297e+01 1.153998589803552832e+01 1.173307216102814898e+01 1.141837026920438269e+01 1.157483512402132142e+01 1.149105862817922841e+01 1.148338890755606556e+01 1.138328507791631417e+01 1.139471736282872705e+01 1.150331510430799042e+01 1.139480180940537934e+01 1.144441402191871582e+01
1.143773048909929102e+01 1.140897543028880712e+01 1.147244985168653386e+01 1.172953287111913312e+01 1.157004522104791988e+01 1.174890707754332020e+01 1.141555360474910330e+01 1.155373815039922114e+01 1.151063918379616702e+01 1.151002359654119012e+01 1.141072685517012175e+01 1.138613517638813022e+01 1.146440293491418672e+01 1.141717493927307814e+01 1.140308669947044073e+01
1.137962370825434100e+01 1.136305499611899528e+01 1.144550145039568356e+01 1.168680578079286647e+01 1.144259911778237182e+01 1.167314966632805273e+01 1.138589414209347161e+01 1.149516035618147747e+01 1.147670063455306000e+01 1.142695004329523023e+01 1.133458138807686666e+01 1.132632100691838239e+01 1.140157121803921925e+01 1.136663135137668412e+01 1.132440074013176812e+01
1.140918711782322603e+01 1.138277535450588651e+01 1.143999989885528201e+01 1.170176807957997589e+01 1.150515816513992284e+01 1.169625755806725564e+01 1.138738874919747879e+01 1.154627168681162175e+01 1.147060121531939636e+01 1.146742498655730280e+01 1.133781117021862350e+01 1.138436228459565669e+01 1.146435102003534112e+01 1.137152688091518016e+01 1.138342284569261409e+01
1.139740447251119804e+01 1.136276652806325238e+01 1.147391053814472528e+01 1.169996702134591082e+01 1.150641893323219733e+01 1.170169323949679807e+01 1.137531931570980070e+01 1.152942589510708515e+01 1.147810164040462944e+01 1.146224707953215294e+01 1.131242854141270904e+01 1.128992950285178942e+01 1.143885003431477720e+01 1.134497473689897795e+01 1.131047691797348698e+01
1.143229782309220433e+01 1.138373093050171647e+01 1.145896694505806401e+01 1.170631315125555538e+01 1.152127654516391431e+01 1.169758964241464838e+01 1.138639050571736355e+01 1.154995812262356125e+01 1.147084578369921104e+01 1.149996426868117183e+01 1.138008857158073006e+01 1.137269163024652130e+01 1.147297055902833485e+01 1.138709818558486653e+01 1.137461242513995607e+01
1.148589271424502556e+01 1.141951484655536042e+01 1.151039105264086615e+01 1.171019660354366287e+01 1.151667769853495926e+01 1.174140509718248637e+01 1.143841609677349247e+01 1.158346973718412798e+01 1.150688128385528231e+01 1.146470732789503977e+01 1.133648458189484920e+01 1.138430022389130336e+01 1.151241020337167775e+01 1.139851253689066723e+01 1.140173416489509783e+01
1.147458282977042998e+01 1.139885056993812462e+01 1.149723147067395956e+01 1.171490954079518865e+01 1.153008689906505957e+01 1.170537575688986109e+01 1.142514067153678958e+01 1.155420992120352430e+01 1.150159565636599801e+01 1.148201466531950210e+01 1.138017741894465118e+01 1.137283298071768378e+01 1.149209146436807494e+01 1.138817690995585430e+01 1.135681483768753353e+01
1.147893530460638267e+01 1.143919524845817648e+01 1.147778092786775161e+01 1.170754404264510562e+01 1.154430899896676088e+01 1.175399481396247836e+01 1.140802964832452560e+01 1.155626354502102515e+01 1.150103957104918173e+01 1.149369470221903988e+01 1.137056284039295662e+01 1.137886114346458655e+01 1.147963671250630746e+01 1.137680227165001057e+01 1.141349974843748960e+01
1.146220041019318892e+01 1.140115489595951992e+01 1.150760900483668614e+01 1.171941842065081651e+01 1.152517793983992966e+01 1.172148799886404369e+01 1.144330980611673887e+01 1.157070266578187834e+01 1.151127948558638536e+01 1.149369097363199899e+01 1.139350203599099132e+01 1.139517093011063942e+01 1.148382159034027516e+01 1.141476675499607296e+01 1.139741809931650351e+01
1.141930065808799810e+01 1.141133220561915884e+01 1.138752183559738640e+01 1.165650112951056272e+01 1.155510762553584136e+01 1.177369797602955614e+01 1.136404819317489512e+01 1.151415313900379722e+01 1.138621202105071006e+01 1.148264762935315098e+01 1.133500488180970223e+01 1.134465574894122675e+01 1.143007801870827400e+01 1.138202706534816322e+01 1.137795000816777602e+01
1.144446496412287040e+01 1.136434683065402673e+01 1.140334212223342192e+01 1.170708073478934885e+01 1.157793615542753507e+01 1.176892713831160719e+01 1.141000278402015411e+01 1.153263142442978584e+01 1.144835886854219886e+01 1.148429764951032972e+01 1.136321688172991884e+01 1.136444168520176312e+01 1.144576400480099565e+01 1.137566641365708620e+01 1.138282264895207874e+01
1.147169297811924693e+01 1.142689229300290954e+01 1.148880356260511348e+01 1.170138354499235689e+01 1.151427065568253916e+01 1.172800558692077111e+01 1.143884802548486768e+01 1.159195916573823482e+01 1.145811672184082042e+01 1.144745211739163615e+01 1.137661663290611180e+01 1.138415502984531358e+01 1.151492316630142021e+01 1.138607223832296711e+01 1.140359978504188554e+01
1.132769755399367995e+01 1.130576167568013091e+01 1.131534938095871823e+01 1.158373764572823461e+01 1.151489103476827758e+01 1.172036780695013825e+01 1.130561885955589219e+01 1.143980341764690145e+01 1.134101266368718974e+01 1.145026959604818018e+01 1.132403286819005928e+01 1.127811236116501803e+01 1.134933077089668707e+01 1.131513198143974819e+01 1.127276931997958620e+01
1.143831303938664057e+01 1.138370888944789350e+01 1.147079034557279087e+01 1.171508840455480005e+01 1.144869827528511586e+01 1.169281967062847194e+01 1.135911236630678189e+01 1.155617703325754952e+01 1.148015740285002195e+01 1.143393712738627066e+01 1.134419455078450056e+01 1.138819906770801893e+01 1.150600379869994683e+01 1.137324672090050726e+01 1.139252020551437639e+01
1.134710806967671992e+01 1.121463322693204745e+01 1.126783097929439315e+01 1.158985330286691173e+01 1.142837037129818611e+01 1.152968143997394890e+01 1.128365794170351677e+01 1.137416312478635838e+01 1.123536906294407700e+01 1.114817925606728188e+01 1.126839691017313250e+01 1.121705950881480440e+01 1.130172310422613258e+01 1.127295639004323213e+01 1.125496676688940667e+01
1.134558793326343284e+01 1.133430934728888850e+01 1.135822318443506163e+01 1.159552480610530978e+01 1.149640989804990632e+01 1.172274486898732349e+01 1.133540133567655062e+01 1.144699466827260537e+01 1.138517936012278930e+01 1.139995643532497915e+01 1.133917754528227029e+01 1.129184789256463439e+01 1.135430691684494775e+01 1.132873403337920237e+01 1.128477949002443026e+01
1.137669120917633414e+01 1.133617822595605773e+01 1.141687900912419451e+01 1.166659681986313757e+01 1.147960957376642810e+01 1.171882436928092375e+01 1.133882256987907589e+01 1.149089637391374197e+01 1.144419565535524086e+01 1.142111316989829639e+01 1.128703860053654751e+01 1.132065534894621983e+01 1.141516143081299717e+01 1.131731386219721180e+01 1.132764321985146516e+01
1.152484424280799580e+01 1.148129934526951423e+01 1.149077802711091145e+01 1.173312066054928060e+01 1.154081821149452480e+01 1.177410655642300341e+01 1.148070387218815469e+01 1.163761012891348301e+01 1.148371022185845014e+01 1.154924137996707145e+01 1.146702434340469345e+01 1.145657459164832659e+01 1.156419558787020030e+01 1.145222722178712438e+01 1.148478504664453226e+01
1.143694502193952722e+01 1.135454599133008813e+01 1.139816032493672715e+01 1.166162039679828233e+01 1.146257815261905399e+01 1.168752065179213417e+01 1.138085855090914755e+01 1.148665701065178979e+01 1.145317611336825614e+01 1.143603118187830603e+01 1.134392110101661899e+01 1.132919838767433873e+01 1.143642768227518935e+01 1.135976667857835487e+01 1.134990880954979175e+01
1.140489619335023264e+01 1.134446999334474704e+01 1.143836592744176528e+01 1.169108691612992601e+01 1.148847868473411360e+01 1.169138161808836607e+01 1.136097892014272936e+01 1.153850738108807761e+01 1.145143089601344144e+01 1.141772077001956909e+01 1.134909567846233358e+01 1.136826877650318401e+01 1.145447220845915659e+01 1.139984041986814667e+01 1.134595194322845302e+01
1.143613283863843400e+01 1.133575219868040307e+01 1.141140554942444574e+01 1.166088496719704004e+01 1.148162648587666901e+01 1.168977063291655227e+01 1.138831574964787663e+01 1.147963292327270857e+01 1.145309024896268824e+01 1.145776404776471225e+01 1.139085192426243509e+01 1.133426689689675193e+01 1.143209454893959709e+01 1.134799780375437628e+01 1.131424402336287471e+01
1.137006234902384882e+01 1.131691585555793722e+01 1.141471618378809794e+01 1.162976258084393599e+01 1.145810148427186803e+01 1.169938775064795955e+01 1.131911604980904507e+01 1.142564029175382778e+01 1.143856530994003329e+01 1.140745293430510010e+01 1.134119258168353639e+01 1.131004692773145948e+01 1.137191489123219945e+01 1.135029900317287321e+01 1.128361799724469527e+01
1.136007194596809455e+01 1.134183832220055166e+01 1.145073149120901057e+01 1.166271714978948992e+01 1.149163834423046993e+01 1.171690260205701684e+01 1.137260213541799203e+01 1.147240867888303306e+01 1.147190878229569044e+01 1.140927645139169222e+01 1.135101569244799968e+01 1.132452878822527254e+01 1.140654022435895953e+01 1.136898515696720580e+01 1.130451334732307167e+01
1.136896195471625504e+01 1.130642410703025647e+01 1.142819223664091588e+01 1.165632448724588599e+01 1.146147633728585014e+01 1.167949292501911351e+01 1.133256717787234535e+01 1.146607008972480912e+01 1.144024476537515689e+01 1.140660627700438745e+01 1.134195647804611440e+01 1.133022641393077201e+01 1.140872285557501797e+01 1.136116145502480457e+01 1.131106868723781744e+01
1.138467221272257213e+01 1.133181988293496012e+01 1.147440914491863317e+01 1.165204992665925765e+01 1.146871672551356980e+01 1.171196854879552340e+01 1.133760875227275911e+01 1.147589122631221770e+01 1.146315895488819692e+01 1.138743009157705011e+01 1.136034807366108801e+01 1.130996309726467430e+01 1.143641179276916731e+01 1.133667119274821644e+01 1.132177132283507426e+01
1.125003765650840570e+01 1.125920754989323136e+01 1.135240392245869678e+01 1.160788855037208656e+01 1.131337038211296964e+01 1.159900332431094938e+01 1.118950197942630176e+01 1.141985816597260772e+01 1.137671981069142824e+01 1.128427394860271171e+01 1.119221374550377135e+01 1.113926796198071223e+01 1.130665441380302028e+01 1.114505682132184106e+01 1.121348951478039524e+01
1.141770854707313099e+01 1.136875211734243685e+01 1.129258499135143801e+01 1.160157653558470692e+01 1.143106877641045216e+01 1.165965708651470933e+01 1.136106933446332334e+01 1.148083181064843217e+01 1.135584661045393595e+01 1.144619391725401414e+01 1.128994160294857529e+01 1.130537731653303091e+01 1.142670770275834435e+01 1.132702961709763656e+01 1.135410553980568693e+01
1.122371009562724531e+01 1.121238806865532389e+01 1.129116405847188709e+01 1.160586321369166640e+01 1.142476586363865820e+01 1.162040169275249823e+01 1.120049513681661324e+01 1.132725516579401770e+01 1.131591569981104328e+01 1.123754365896409446e+01 1.117624247762915246e+01 1.122902759039060960e+01 1.127897687053243736e+01 1.120658309385703610e+01 1.118164727702767003e+01
1.131320234175597328e+01 1.121974146021436702e+01 1.123316263853722319e+01 1.152503969790227245e+01 1.136792137668250824e+01 1.155890653699092141e+01 1.126189077893119084e+01 1.145171125425161840e+01 1.135337496702571336e+01 1.130864003049429911e+01 1.119955766923718343e+01 1.125591606219405350e+01 1.137738137225785628e+01 1.129361372294893151e+01 1.121722925378274027e+01
1.150118511763513673e+01 1.150881343246278732e+01 1.155879668520517001e+01 1.174510050083833868e+01 1.154972346390729676e+01 1.178487598405622983e+01 1.147201729074047449e+01 1.161904544758986901e+01 1.155837832737863735e+01 1.157988992773554493e+01 1.144421144587068184e+01 1.146003811734156130e+01 1.154206359235100621e+01 1.146341299458139495e+01 1.147827081153777229e+01
1.152633136721393292e+01 1.151938933146734989e+01 1.154938492000253092e+01 1.174027438288492853e+01 1.156244846052566011e+01 1.178247133530391899e+01 1.149618784574890640e+01 1.163412295120421547e+01 1.154759384110703557e+01 1.156676652991295917e+01 1.146476155973491728e+01 1.145608291467531892e+01 1.155966804109243640e+01 1.148095843989939624e+01 1.148046771480095352e+01
1.144361905724113093e+01 1.138911718264462891e+01 1.142881483982385049e+01 1.164883360071284990e+01 1.149829717607297574e+01 1.169040891198685195e+01 1.139929943439102900e+01 1.148905319460567576e+01 1.143599174851247469e+01 1.148412349270631694e+01 1.136859437084357793e+01 1.136999380495864465e+01 1.143887714706022152e+01 1.138303330309020112e+01 1.136039174531487994e+01
1.146294067434253883e+01 1.140733211034476113e+01 1.144842364531240264e+01 1.164914745005951069e+01 1.146759757745305919e+01 1.165985145651657895e+01 1.144839645341477841e+01 1.156032033231128331e+01 1.145059045582748425e+01 1.151453274897755108e+01 1.137918299414272916e+01 1.138844734425678240e+01 1.148818470888222798e+01 1.140418989954449280e+01 1.139855815774390102e+01
1.140575682639751776e+01 1.138859147005216954e+01 1.143973313811871684e+01 1.169614015409250385e+01 1.152972904933491627e+01 1.177572316838666389e+01 1.136788084906402574e+01 1.149112751868663906e+01 1.143509391625866911e+01 1.150075452476007598e+01 1.140870191988825155e+01 1.134550446589739359e+01 1.141693507777314842e+01 1.136613691235727330e+01 1.135428372514777351e+01
1.146329238076206636e+01 1.141129607096689824e+01 1.148295002213986749e+01 1.170828086454044126e+01 1.154713277832774132e+01 1.176698749552377876e+01 1.142035029099090160e+01 1.154198606164737484e+01 1.150200622447640697e+01 1.150058737164745004e+01 1.140906615070817942e+01 1.139736374786340001e+01 1.145890113059684801e+01 1.140127151299173036e+01 1.140562105217573219e+01
1.143153470809347283e+01 1.139176205999523539e+01 1.143111055876730831e+01 1.163393212700961321e+01 1.149684260421075166e+01 1.170835416442003485e+01 1.138821706419622437e+01 1.153518195887371256e+01 1.146415190101964754e+01 1.147345528026423622e+01 1.134321505611367975e+01 1.136484614321077125e+01 1.145945542259967809e+01 1.139385878541076380e+01 1.136384314730132949e+01
1.143834816293274770e+01 1.137038568086600065e+01 1.141690148046945907e+01 1.164596019063806764e+01 1.151120667856820745e+01 1.173524376284261628e+01 1.137352465842551119e+01 1.149222713907839122e+01 1.145783262119671164e+01 1.147136535135525470e+01 1.136484812751295692e+01 1.136448521229690911e+01 1.142621944249901667e+01 1.137740245437173670e+01 1.135325476410922896e+01
1.143287610807517929e+01 1.140866797364700957e+01 1.143276532517545618e+01 1.166003156161545640e+01 1.146347659347203773e+01 1.167413512201891201e+01 1.136284611016362156e+01 1.154406296266442666e+01 1.146884473993923947e+01 1.149644741255458769e+01 1.131693340835019690e+01 1.132006228043995222e+01 1.145960383053277987e+01 1.133051518079570741e+01 1.137965262516883946e+01
1.121735383304682010e+01 1.113265197538069629e+01 1.116931172663359817e+01 1.149982324410757428e+01 1.126360990690312747e+01 1.148602116024318853e+01 1.122960201808274583e+01 1.127319873079139967e+01 1.108216378040432026e+01 1.106198032752219973e+01 1.111531486665720969e+01 1.101454454286159645e+01 1.120909212533708299e+01 1.119487085071189192e+01 1.105789041984203891e+01
1.141451666338194926e+01 1.136540930016247408e+01 1.144155951115282654e+01 1.168668862254259899e+01 1.154509855043105837e+01 1.173872920057541869e+01 1.137466499091034855e+01 1.151565331631989331e+01 1.148044445728102225e+01 1.148018099609607212e+01 1.137013829615331773e+01 1.133480937694539925e+01 1.139634819787715792e+01 1.137593825256149671e+01 1.133637815653326264e+01
1.138502295554241606e+01 1.132419845171858164e+01 1.142697363950064471e+01 1.164985196316339433e+01 1.152796411639132224e+01 1.173760761492898119e+01 1.132827866442667641e+01 1.148098330291546354e+01 1.144419690787603194e+01 1.141605511937062012e+01 1.134806994913148515e+01 1.130036211987571626e+01 1.138404056543394915e+01 1.132648713627502346e+01 1.130031042616975157e+01
1.138863208098158353e+01 1.134293903681679794e+01 1.141334599732033261e+01 1.164856669355751606e+01 1.137903594367245219e+01 1.158964105628908570e+01 1.133266141789572856e+01 1.147396937141505546e+01 1.143489550843109726e+01 1.141543870601708477e+01 1.132674012247694151e+01 1.129214054629028041e+01 1.139370426095043243e+01 1.128373641513684689e+01 1.131230305261077085e+01
1.142419210877799429e+01 1.140205187236844608e+01 1.146025835573889040e+01 1.170374349399853031e+01 1.149491598705923856e+01 1.172611676728480568e+01 1.139420761455674658e+01 1.150541372959723319e+01 1.147254032701764004e+01 1.146309670358428257e+01 1.138847470852173416e+01 1.134409661340578168e+01 1.145317493713293544e+01 1.139358287217178400e+01 1.136075421936179097e+01
1.135043792599202206e+01 1.133356042422419740e+01 1.141811645099708272e+01 1.163768129184568600e+01 1.146857701306467625e+01 1.168726406373931326e+01 1.133058510947255648e+01 1.140546253599363880e+01 1.142053614113029170e+01 1.142649039257909216e+01 1.134640990427934604e+01 1.127291742915893380e+01 1.134988164828361690e+01 1.131976893093608361e+01 1.126096190226611604e+01
1.137707242063344282e+01 1.131209553148956282e+01 1.144026120287377779e+01 1.166018915337244977e+01 1.144104851016707691e+01 1.169284557361242882e+01 1.136081561020567676e+01 1.146406386750505568e+01 1.143995594223698475e+01 1.137075137116848822e+01 1.132833961357263064e+01 1.132328947123997764e+01 1.143217300378601919e+01 1.132622097997761834e+01 1.131996032338412128e+01
1.150376453864507376e+01 1.148017686249299452e+01 1.154988219914353031e+01 1.175468258110619679e+01 1.149175623585920825e+01 1.172113061699977443e+01 1.147282206862114684e+01 1.163013645264526019e+01 1.152329467154019405e+01 1.152253080507913019e+01 1.144519468237207782e+01 1.143529315769682597e+01 1.155416814874180353e+01 1.145507057771522241e+01 1.145284828306747471e+01
1.137065148013866711e+01 1.136250270482555713e+01 1.130185675230380582e+01 1.161868657023509677e+01 1.144358674486960048e+01 1.167513790311204325e+01 1.132430476269797914e+01 1.148412239029550719e+01 1.135653360075490781e+01 1.140108410181747800e+01 1.129291235586966025e+01 1.127784621691065681e+01 1.137759913726934613e+01 1.130317848307708495e+01 1.132164790265023768e+01
1.135451743403122471e+01 1.127817610729735520e+01 1.123068153188877005e+01 1.143698340799281787e+01 1.142787382707273203e+01 1.163805840566615402e+01 1.127646236912582722e+01 1.142415393768834164e+01 1.128452922749546694e+01 1.138202455550076309e+01 1.126099971883814810e+01 1.128892341891278051e+01 1.138919234547339698e+01 1.125943040837172227e+01 1.128900578617717443e+01
1.133800490958840435e+01 1.129652983169092906e+01 1.136164487565105219e+01 1.160495281967914316e+01 1.141866443070796500e+01 1.168803801163492295e+01 1.127208541159702726e+01 1.149137206175440973e+01 1.136526756923394643e+01 1.133801212024194527e+01 1.122312252245396280e+01 1.125960784553785565e+01 1.139730234627067951e+01 1.125289347737023604e+01 1.127801330983841943e+01
1.147339735834714602e+01 1.145978659993243731e+01 1.150717403299888097e+01 1.173325852651992030e+01 1.150060676217679401e+01 1.173742719323956862e+01 1.147588329250956996e+01 1.159143577834492511e+01 1.153936692431868138e+01 1.152757514469848843e+01 1.142161050774728537e+01 1.142150940045402052e+01 1.152840557859148696e+01 1.143602196423469763e+01 1.143821932531638730e+01
1.150852027424654622e+01 1.147751062736564620e+01 1.152817261004521754e+01 1.172205995470520890e+01 1.153522524315231657e+01 1.175222188909807564e+01 1.146750345253796866e+01 1.160218518788600051e+01 1.153944906354852229e+01 1.153414513846766276e+01 1.144605648133863340e+01 1.143005527758566231e+01 1.153340325880266271e+01 1.144558743867417228e+01 1.143341749237679750e+01
1.141410136983611068e+01 1.138562554758434864e+01 1.147185166995396344e+01 1.165793730264718420e+01 1.141388461825913581e+01 1.144473373646115988e+01 1.139059504836573211e+01 1.154206940515326174e+01 1.144714377648984360e+01 1.140994100539586853e+01 1.132342604648378703e+01 1.136134175933730539e+01 1.144881112947385304e+01 1.138694069744627591e+01 1.135092118698228347e+01
1.139923308104759592e+01 1.138657285463768787e+01 1.132503097417044202e+01 1.154237403298932207e+01 1.146879383174854716e+01 1.170195981822809372e+01 1.134567492764812080e+01 1.150569728329804597e+01 1.138283360156605184e+01 1.144109846327436664e+01 1.131809743673769653e+01 1.132404202211290567e+01 1.143389312572109340e+01 1.133115298265811610e+01 1.137211407359425408e+01
1.149896461315227469e+01 1.147510436777231213e+01 1.151948040875901391e+01 1.173304336266185999e+01 1.153629541270983694e+01 1.176250962344020934e+01 1.146047541926115265e+01 1.159704643026705995e+01 1.153964175384023960e+01 1.154125493597168806e+01 1.142728841400213646e+01 1.143477922427234539e+01 1.154658461031253580e+01 1.147141838068870712e+01 1.146749620968857286e+01
1.150900447215207834e+01 1.144554722216363984e+01 1.153370331724296882e+01 1.172418339127792386e+01 1.154745088137256026e+01 1.173692828734300342e+01 1.146974617959192244e+01 1.161641118133334594e+01 1.154806385402080515e+01 1.151907862211023037e+01 1.145164670486606795e+01 1.144722965668854542e+01 1.153746374787110440e+01 1.145922335736812414e+01 1.145466818562382905e+01
1.148235226934198394e+01 1.143763472338750553e+01 1.153024300168129024e+01 1.173659223513827854e+01 1.156999838003419967e+01 1.174664020097016071e+01 1.143405696235967994e+01 1.157051210511697015e+01 1.154566219001136673e+01 1.150943152420674842e+01 1.143716261243239529e+01 1.140260672377409001e+01 1.149542683757775841e+01 1.142563501561634354e+01 1.141406578267898020e+01
1.139858265171968554e+01 1.135675617351311395e+01 1.140308044563158418e+01 1.162359028910132075e+01 1.149196446874297628e+01 1.168764871971371200e+01 1.136266754571228788e+01 1.150606521814278338e+01 1.144489160922177540e+01 1.144004801000185623e+01 1.132997514092342861e+01 1.134168430992413334e+01 1.144412819964647632e+01 1.134944851231466245e+01 1.132759746720878802e+01
1.150724986306120456e+01 1.144832683102097093e+01 1.153299946091268779e+01 1.174351350058084442e+01 1.150634998984985913e+01 1.174735109625852481e+01 1.148176492646938307e+01 1.161892631818216159e+01 1.151409227814677294e+01 1.150545331267043636e+01 1.141972972563255340e+01 1.144616276876215188e+01 1.155403725616178257e+01 1.146612227296462017e+01 1.142513843980949950e+01
1.145539114634031286e+01 1.145698478479044802e+01 1.150291466795397533e+01 1.171999519171184012e+01 1.156253719325136942e+01 1.177699211511273347e+01 1.145065930724970471e+01 1.157110151006126131e+01 1.152213097048366031e+01 1.155498136387026697e+01 1.144506551367678071e+01 1.141801088014494425e+01 1.150153363531357975e+01 1.144402933056813687e+01 1.143936556021538387e+01
1.151514501418468761e+01 1.144691285032638639e+01 1.152804757410291003e+01 1.175265704784842491e+01 1.155869467785661264e+01 1.175292170707050765e+01 1.147476764746629563e+01 1.160607871359643184e+01 1.153295336207695598e+01 1.151671900044920882e+01 1.143667835686926715e+01 1.143780191121127210e+01 1.153977800446710766e+01 1.145226253189997934e+01 1.144101668809492978e+01
1.147936251601572621e+01 1.147231957778027756e+01 1.149014600129564556e+01 1.171547975869446745e+01 1.155668502319581492e+01 1.177511685307197453e+01 1.144175259486016927e+01 1.157519472154325513e+01 1.151011907850871729e+01 1.152477354962229228e+01 1.144418041486922988e+01 1.142034023042912949e+01 1.150372265772923441e+01 1.144320663474136346e+01 1.144904401856094900e+01
1.142999269947361540e+01 1.138643852766424835e+01 1.140142521754639482e+01 1.165458816637403672e+01 1.145181994944306680e+01 1.167165944996777149e+01 1.138937128178080371e+01 1.154084861961110064e+01 1.142256058859924117e+01 1.147138339943167828e+01 1.132256925170603878e+01 1.135465652630704803e+01 1.147550143958548219e+01 1.138838145408738178e+01 1.134893288184996507e+01
1.140422513340515209e+01 1.137114897301996486e+01 1.144998719446322255e+01 1.164495679506334724e+01 1.145517078729886329e+01 1.166995702282160785e+01 1.137806607669262959e+01 1.151754080003582992e+01 1.144344011162028174e+01 1.146435459318018601e+01 1.135874743189664215e+01 1.135432918763661903e+01 1.144861390335565510e+01 1.135850187326190941e+01 1.135245488430296490e+01
1.138472357784368150e+01 1.139206848890637325e+01 1.146981788464062646e+01 1.165569172803258624e+01 1.145519971011320592e+01 1.163875957441444342e+01 1.133714272433231862e+01 1.153138623175486899e+01 1.146309106151698920e+01 1.145316105408258878e+01 1.134720445500697927e+01 1.135994020396064386e+01 1.146265652261057788e+01 1.136768011091211683e+01 1.137145047047200208e+01
1.137813031488548177e+01 1.137127772544963555e+01 1.143585976284610695e+01 1.163619648306871923e+01 1.146615699692954671e+01 1.167595113614101443e+01 1.132898542653780005e+01 1.150431759359517869e+01 1.142911067374551060e+01 1.145333080271551829e+01 1.132852628872205436e+01 1.133042144632367787e+01 1.139860345633723959e+01 1.134915646260582633e+01 1.136103613020161340e+01
1.152914584150491883e+01 1.146077066178769854e+01 1.152821864551268760e+01 1.172972621282834993e+01 1.154434227178443173e+01 1.175842351330267199e+01 1.150142035717698974e+01 1.161911834881339800e+01 1.152359007703951477e+01 1.153416736544505738e+01 1.143381753522285393e+01 1.145840350471400448e+01 1.155343245350991133e+01 1.148082063439108147e+01 1.146590381263256475e+01
1.149507765397738268e+01 1.146581997470424952e+01 1.150246251433264533e+01 1.173821358926584502e+01 1.156998922831798815e+01 1.176518416477671103e+01 1.147635528117493209e+01 1.158980882190871142e+01 1.151386099470513358e+01 1.149408847471485906e+01 1.144098248621336289e+01 1.143432234522117241e+01 1.151887382760065393e+01 1.143843726408186612e+01 1.143941926873202242e+01
1.144097611176899321e+01 1.138198682822553565e+01 1.146465559289611136e+01 1.171272383742590861e+01 1.151071083668137263e+01 1.172915059186066777e+01 1.141842330798106353e+01 1.155660017165953057e+01 1.148168562160341288e+01 1.143094306365434498e+01 1.137381708781808953e+01 1.135747069698216549e+01 1.148465878502125825e+01 1.138689847612072548e+01 1.134592228490558163e+01
1.146288713179254692e+01 1.142865860055873029e+01 1.144544251786927447e+01 1.169117174968376283e+01 1.152105472999428493e+01 1.173431110011605760e+01 1.143214616781018300e+01 1.156211493216360253e+01 1.147403388724079321e+01 1.147537183438348762e+01 1.139850408718816688e+01 1.137954212430337897e+01 1.147381938589979455e+01 1.139821565513465274e+01 1.141054451056544039e+01
1.142155172324652668e+01 1.135518338762243573e+01 1.146224147283852091e+01 1.169162792921571636e+01 1.147917722404078056e+01 1.173020725455931768e+01 1.138799962351466277e+01 1.151149421783289029e+01 1.149577789468615485e+01 1.146753052590398880e+01 1.135922495455151982e+01 1.134497225749101013e+01 1.145460655225186919e+01 1.137739882455593055e+01 1.136497708655063121e+01
1.139314725085911384e+01 1.132668287152630349e+01 1.141616854455427621e+01 1.175097244205099933e+01 1.149303281703671509e+01 1.163862498866922124e+01 1.137169978836637441e+01 1.151537549705849628e+01 1.150354013487939753e+01 1.144565020301430636e+01 1.142228424814595655e+01 1.135568493465182627e+01 1.139929251439059321e+01 1.137062351884054756e+01 1.131351587933751013e+01
1.137908120114054356e+01 1.129883448178165040e+01 1.139745842117337560e+01 1.163009803187468449e+01 1.146043226362796830e+01 1.165339595097215053e+01 1.132923759992701029e+01 1.146626936085506721e+01 1.140619499706714990e+01 1.134922130330573786e+01 1.130847158906779271e+01 1.133190340771490057e+01 1.138562621149479348e+01 1.135974569170438819e+01 1.128302146509366288e+01
1.131955763354710243e+01 1.130840052215495817e+01 1.140643889571109604e+01 1.162447322871909883e+01 1.143817646910894936e+01 1.160879443714748582e+01 1.131278649920416512e+01 1.146997536237551962e+01 1.136735677913702958e+01 1.139335986070538098e+01 1.131659303614653211e+01 1.128686140468581378e+01 1.140927350371740800e+01 1.132903282681911428e+01 1.125823300482102773e+01
1.144256817693957373e+01 1.137046493899902089e+01 1.142409549563400972e+01 1.164525634556531664e+01 1.146636931109687829e+01 1.170817008450584495e+01 1.142794833470279059e+01 1.153091362054144753e+01 1.142143955110263320e+01 1.142752297854745969e+01 1.133045134875634119e+01 1.135461471156420465e+01 1.145699801204250790e+01 1.139296035390927564e+01 1.135499996067847661e+01
1.145670430650041816e+01 1.142896538551632446e+01 1.151973139189939488e+01 1.172668913513686562e+01 1.152754371557297297e+01 1.174786186765803286e+01 1.145190023862181228e+01 1.157541448338113277e+01 1.152500810361520678e+01 1.148742888074262503e+01 1.140256259781436299e+01 1.141096099965371025e+01 1.151269414678749570e+01 1.143102547785578871e+01 1.141987847678822909e+01
1.142870739666156510e+01 1.140009654834767439e+01 1.144903256327251384e+01 1.167961072946011747e+01 1.151210877236313301e+01 1.172425427380866125e+01 1.138252152014509200e+01 1.155474341067141530e+01 1.146267173782920068e+01 1.144030848857320670e+01 1.136728492076569808e+01 1.136366337128339943e+01 1.144145924713778051e+01 1.135353049445316742e+01 1.139677485471183438e+01
1.145826433169078484e+01 1.137756778380493650e+01 1.146864951660836063e+01 1.169842257428154575e+01 1.151612468902414932e+01 1.169177551326006892e+01 1.139982329269967565e+01 1.154527795918206756e+01 1.150422572581541480e+01 1.146409877604722105e+01 1.137143755785455213e+01 1.135183167662159320e+01 1.147343434271383877e+01 1.135416676692267757e+01 1.138660994798891224e+01
1.138959028063455214e+01 1.135636662069504510e+01 1.147890519292574929e+01 1.171593250042902845e+01 1.145532991024556679e+01 1.167697610018080567e+01 1.138814823223209061e+01 1.148520768229838751e+01 1.149161105759205803e+01 1.139640763213666119e+01 1.137039969254093918e+01 1.135818498640555774e+01 1.144557843390387930e+01 1.139506249740677468e+01 1.134783242198459163e+01
1.141914835903699554e+01 1.137942763038135396e+01 1.145235648687689789e+01 1.170243218694568021e+01 1.157524169574375073e+01 1.176968907182329538e+01 1.141111684306381413e+01 1.149798086884610804e+01 1.146466233767875664e+01 1.148343232388631208e+01 1.149755764622448595e+01 1.142675179096518967e+01 1.142036575761997419e+01 1.140938772408369672e+01 1.140551206783687554e+01
1.143104670282185431e+01 1.138930441931312920e+01 1.150934516661839346e+01 1.174188067057993123e+01 1.149938765578262512e+01 1.166542155375400114e+01 1.137157316426366904e+01 1.153146446054658369e+01 1.152161946362590683e+01 1.142093827358702285e+01 1.140393656600760508e+01 1.137495106068671369e+01 1.144010518234194862e+01 1.137906487941186917e+01 1.137449148344169991e+01
1.142299294939457432e+01 1.138404162418467003e+01 1.142924634273644280e+01 1.170049570116064075e+01 1.158431630454884775e+01 1.177005780671082036e+01 1.138026624403739895e+01 1.149700898213678535e+01 1.146566638071266020e+01 1.145517122346928574e+01 1.140461493511921631e+01 1.136435032412777701e+01 1.141253770271654844e+01 1.139746214395042934e+01 1.136087891816132789e+01
1.143812156959275939e+01 1.141826682069867438e+01 1.149725012811042113e+01 1.172013200448447812e+01 1.149823350087134521e+01 1.172965520729229283e+01 1.137742485505245149e+01 1.154820487026153764e+01 1.151418692735271421e+01 1.150136421479290227e+01 1.139277126072300561e+01 1.136365851261479598e+01 1.145196334419434869e+01 1.138790260037606750e+01 1.139301251666321235e+01
1.143484980196057421e+01 1.140909061219081089e+01 1.149475806048973858e+01 1.172279362794107094e+01 1.153870381584484583e+01 1.173333597434055875e+01 1.141490324584870919e+01 1.154719788320832485e+01 1.150708304635582557e+01 1.149796056350498219e+01 1.141398738136938462e+01 1.139050767945287035e+01 1.147235068171642602e+01 1.142100227483253683e+01 1.140089780066367453e+01
1.144377151671343995e+01 1.143466567431086034e+01 1.149387988381839243e+01 1.175019290084487267e+01 1.158593285797263128e+01 1.176691560627278399e+01 1.143273571908008002e+01 1.156172881792273088e+01 1.154553416902358975e+01 1.150665805719341606e+01 1.141139532328440254e+01 1.140351983718491091e+01 1.146508620467243666e+01 1.141376515231593203e+01 1.141231974444210628e+01
1.145975205577265044e+01 1.142531981280271758e+01 1.150613011189401469e+01 1.176001897326535328e+01 1.156777312380356015e+01 1.175096220327059982e+01 1.141965481080180211e+01 1.158466763333197491e+01 1.152132281460423258e+01 1.149258448540688526e+01 1.143433972928005993e+01 1.137864874964221151e+01 1.149495231911794768e+01 1.142685676430665964e+01 1.140186965148685161e+01
1.146443233490981051e+01 1.147408441588293826e+01 1.151935804494101490e+01 1.171466530774715409e+01 1.150301421581786698e+01 1.172318618119319744e+01 1.146283513016384781e+01 1.159773181637791062e+01 1.151819357084422002e+01 1.148728236640985401e+01 1.144959992205465937e+01 1.142343273434078732e+01 1.152901726266208726e+01 1.144244087677040156e+01 1.143558331571092701e+01
1.148076254720462686e+01 1.140554974611541184e+01 1.140954244526093575e+01 1.165847660338711833e+01 1.147415386869025689e+01 1.171128765295823015e+01 1.141171375633160601e+01 1.156975790466485243e+01 1.141852244977964759e+01 1.147797055579905745e+01 1.139197291063049988e+01 1.139611910085234747e+01 1.147155366094654561e+01 1.139613500735364759e+01 1.139909231611910734e+01
1.131435258917063180e+01 1.134439331413841856e+01 1.138555130571577934e+01 1.165379992950165011e+01 1.143676855005421267e+01 1.165444691092556440e+01 1.131211520350479560e+01 1.147832748828997218e+01 1.140668444083253164e+01 1.133963782851294333e+01 1.132001841160466071e+01 1.128320850395464348e+01 1.138315973606804477e+01 1.132833439353996141e+01 1.133000564724663306e+01
1.130627852215492979e+01 1.126893145271446706e+01 1.141822039409546541e+01 1.162420755312083465e+01 1.145779913420190788e+01 1.164178281961735983e+01 1.129143513332162563e+01 1.139898462492857689e+01 1.141391643801675215e+01 1.142003433074539842e+01 1.132796610078545463e+01 1.126066885857167144e+01 1.132086495719443775e+01 1.131045011304708936e+01 1.126377827615959859e+01
1.156964887419664478e+01 1.153272284497019662e+01 1.157618463479010273e+01 1.182923129065960488e+01 1.170011359640704995e+01 1.184445474345594462e+01 1.153943155752350158e+01 1.165570143386042190e+01 1.160015925745785381e+01 1.162149185885171399e+01 1.154481959122188428e+01 1.151313257558616598e+01 1.158777937891879262e+01 1.152366612741423246e+01 1.152730871438319582e+01
1.158804222234241088e+01 1.153699391926044981e+01 1.155968648681264632e+01 1.182178886198051870e+01 1.170154073298489550e+01 1.186756110176779799e+01 1.154618264845290199e+01 1.167464794462114241e+01 1.158332706776880272e+01 1.161954040413951894e+01 1.153352487278483451e+01 1.151978060344405463e+01 1.160208630058773593e+01 1.153364927264208184e+01 1.152617283436871709e+01
1.164664970942619426e+01 1.157558795739603852e+01 1.157670918499096935e+01 1.184995656894433047e+01 1.176891445832630900e+01 1.188313979152093225e+01 1.158695869968735614e+01 1.173026085004349994e+01 1.159838177415041116e+01 1.162989639535908282e+01 1.157581771951835670e+01 1.156942105289468437e+01 1.165079650842978509e+01 1.156356060823325826e+01 1.156666789071602430e+01
1.159559124992858870e+01 1.154756514093944908e+01 1.160645845296650336e+01 1.185214344637335948e+01 1.165536591220912221e+01 1.182336723148810620e+01 1.155934792137772682e+01 1.170721476414154694e+01 1.161780664936646446e+01 1.162113498643630116e+01 1.155754594280780800e+01 1.154050426838827015e+01 1.162441898671373863e+01 1.155399177392042454e+01 1.153788597973642638e+01
1.156416122401023650e+01 1.153580929059324589e+01 1.153424251024419611e+01 1.180946220177646211e+01 1.172049513285677413e+01 1.185554287844764509e+01 1.153273721817176956e+01 1.165518568902464658e+01 1.156584076267493977e+01 1.159133876471604552e+01 1.151561696066774587e+01 1.150078908768164609e+01 1.157795944439556912e+01 1.151334910375691578e+01 1.150722998040649259e+01
1.155993236164709970e+01 1.151949857636078889e+01 1.157144133798586694e+01 1.183342919779295599e+01 1.166771273207799808e+01 1.182435984112071559e+01 1.152887925316612971e+01 1.166353502083626026e+01 1.159030659644073857e+01 1.159957627021432458e+01 1.152780486133496574e+01 1.150008038771329133e+01 1.158104433976333603e+01 1.151837572586235936e+01 1.150979427569259173e+01
1.153526983494432301e+01 1.147895956222097880e+01 1.153409476288164903e+01 1.178410733900799201e+01 1.165623681119040356e+01 1.179711169337991272e+01 1.149584490870691766e+01 1.161169242523219935e+01 1.156402646355400776e+01 1.155168797519118584e+01 1.146785315551376350e+01 1.145964614685286875e+01 1.152984183071708735e+01 1.147849518418655101e+01 1.145298347983221277e+01
1.154764604428778796e+01 1.150840244215390307e+01 1.150854486296850965e+01 1.177759660703349454e+01 1.163951334460303855e+01 1.180871397924265409e+01 1.149342439383420889e+01 1.164018994661158501e+01 1.154246216955460902e+01 1.159006826016513259e+01 1.148453215030292540e+01 1.146957395788875544e+01 1.155605424483622734e+01 1.147039087810773239e+01 1.149437156655440262e+01
1.154279693356384406e+01 1.149837492350232360e+01 1.156545778487702059e+01 1.179511257698504423e+01 1.164999229455295193e+01 1.180031901602519184e+01 1.151380551247873107e+01 1.162774933793045484e+01 1.157333661086140353e+01 1.158480894689033569e+01 1.150836572686079506e+01 1.148741905412319042e+01 1.155960638275320385e+01 1.151189394537046162e+01 1.148971141170468258e+01
1.156564426702741777e+01 1.153296557605011685e+01 1.160526207282496181e+01 1.183214213878114585e+01 1.168331971701025473e+01 1.183733323117509961e+01 1.153942034001141081e+01 1.166437145341631876e+01 1.162222996389729701e+01 1.158819917846119374e+01 1.152829673121568099e+01 1.150594791342069279e+01 1.159390472654736648e+01 1.152204946711166400e+01 1.150855965226248934e+01
1.158486051277175832e+01 1.150978931994914412e+01 1.154858908082234237e+01 1.181801165293685507e+01 1.169764524736360833e+01 1.184602541583204882e+01 1.154132571341617997e+01 1.166912136377807840e+01 1.157192412250297586e+01 1.162395603196352134e+01 1.152660645244710302e+01 1.151249335772122606e+01 1.159133197525257053e+01 1.151489592594839095e+01 1.150366296655952247e+01
1.160656731423159904e+01 1.155591233674690166e+01 1.156138009590166860e+01 1.184973012740360510e+01 1.171843920171730069e+01 1.187307955015412553e+01 1.155773085464978500e+01 1.168728992802916089e+01 1.158548523922104323e+01 1.164262135381757268e+01 1.156419416472263961e+01 1.154255933113653576e+01 1.160160405431269659e+01 1.154359897344913399e+01 1.154234354333321200e+01
1.156197540791657907e+01 1.151309432873857475e+01 1.155180259914336105e+01 1.185083386336718547e+01 1.169745166018869398e+01 1.185278551260845781e+01 1.153321648590796578e+01 1.165612381213393789e+01 1.158478102763058892e+01 1.160536020234670751e+01 1.153004599950838305e+01 1.150255423364041718e+01 1.156883221333590406e+01 1.151076511242774636e+01 1.150904877055450548e+01
1.155271993600240421e+01 1.150774992243565542e+01 1.155259113968010354e+01 1.181195964359367601e+01 1.167894472172215714e+01 1.183308450312062376e+01 1.151426335166732784e+01 1.164861697224601755e+01 1.158039611570825755e+01 1.159539059042318243e+01 1.150937240001517203e+01 1.149677124983507248e+01 1.156625767315542674e+01 1.150269016859165383e+01 1.150101541436093733e+01
1.155993236164709970e+01 1.151949857636078889e+01 1.157144133798586694e+01 1.183342919779295599e+01 1.166771273207799808e+01 1.182435984112071559e+01 1.152887925316612971e+01 1.166353502083626026e+01 1.159030659644073857e+01 1.159957627021432458e+01 1.152780486133496574e+01 1.150008038771329133e+01 1.158104433976333603e+01 1.151837572586235936e+01 1.150979427569259173e+01
1.156964887419664478e+01 1.153272284497019662e+01 1.157618463479010273e+01 1.182923129065960488e+01 1.170011359640704995e+01 1.184445474345594462e+01 1.153943155752350158e+01 1.165570143386042190e+01 1.160015925745785381e+01 1.162149185885171399e+01 1.154481959122188428e+01 1.151313257558616598e+01 1.158777937891879262e+01 1.152366612741423246e+01 1.152730871438319582e+01
1.158804222234241088e+01 1.153699391926044981e+01 1.155968648681264632e+01 1.182178886198051870e+01 1.170154073298489550e+01 1.186756110176779799e+01 1.154618264845290199e+01 1.167464794462114241e+01 1.158332706776880272e+01 1.161954040413951894e+01 1.153352487278483451e+01 1.151978060344405463e+01 1.160208630058773593e+01 1.153364927264208184e+01 1.152617283436871709e+01
1.164664970942619426e+01 1.157558795739603852e+01 1.157670918499096935e+01 1.184995656894433047e+01 1.176891445832630900e+01 1.188313979152093225e+01 1.158695869968735614e+01 1.173026085004349994e+01 1.159838177415041116e+01 1.162989639535908282e+01 1.157581771951835670e+01 1.156942105289468437e+01 1.165079650842978509e+01 1.156356060823325826e+01 1.156666789071602430e+01
1.159559124992858870e+01 1.154756514093944908e+01 1.160645845296650336e+01 1.185214344637335948e+01 1.165536591220912221e+01 1.182336723148810620e+01 1.155934792137772682e+01 1.170721476414154694e+01 1.161780664936646446e+01 1.162113498643630116e+01 1.155754594280780800e+01 1.154050426838827015e+01 1.162441898671373863e+01 1.155399177392042454e+01 1.153788597973642638e+01
1.156416122401023650e+01 1.153580929059324589e+01 1.153424251024419611e+01 1.180946220177646211e+01 1.172049513285677413e+01 1.185554287844764509e+01 1.153273721817176956e+01 1.165518568902464658e+01 1.156584076267493977e+01 1.159133876471604552e+01 1.151561696066774587e+01 1.150078908768164609e+01 1.157795944439556912e+01 1.151334910375691578e+01 1.150722998040649259e+01
1.153526983494432301e+01 1.147895956222097880e+01 1.153409476288164903e+01 1.178410733900799201e+01 1.165623681119040356e+01 1.179711169337991272e+01 1.149584490870691766e+01 1.161169242523219935e+01 1.156402646355400776e+01 1.155168797519118584e+01 1.146785315551376350e+01 1.145964614685286875e+01 1.152984183071708735e+01 1.147849518418655101e+01 1.145298347983221277e+01
1.154764604428778796e+01 1.150840244215390307e+01 1.150854486296850965e+01 1.177759660703349454e+01 1.163951334460303855e+01 1.180871397924265409e+01 1.149342439383420889e+01 1.164018994661158501e+01 1.154246216955460902e+01 1.159006826016513259e+01 1.148453215030292540e+01 1.146957395788875544e+01 1.155605424483622734e+01 1.147039087810773239e+01 1.149437156655440262e+01
1.154279693356384406e+01 1.149837492350232360e+01 1.156545778487702059e+01 1.179511257698504423e+01 1.164999229455295193e+01 1.180031901602519184e+01 1.151380551247873107e+01 1.162774933793045484e+01 1.157333661086140353e+01 1.158480894689033569e+01 1.150836572686079506e+01 1.148741905412319042e+01 1.155960638275320385e+01 1.151189394537046162e+01 1.148971141170468258e+01
1.156564426702741777e+01 1.153296557605011685e+01 1.160526207282496181e+01 1.183214213878114585e+01 1.168331971701025473e+01 1.183733323117509961e+01 1.153942034001141081e+01 1.166437145341631876e+01 1.162222996389729701e+01 1.158819917846119374e+01 1.152829673121568099e+01 1.150594791342069279e+01 1.159390472654736648e+01 1.152204946711166400e+01 1.150855965226248934e+01
1.158486051277175832e+01 1.150978931994914412e+01 1.154858908082234237e+01 1.181801165293685507e+01 1.169764524736360833e+01 1.184602541583204882e+01 1.154132571341617997e+01 1.166912136377807840e+01 1.157192412250297586e+01 1.162395603196352134e+01 1.152660645244710302e+01 1.151249335772122606e+01 1.159133197525257053e+01 1.151489592594839095e+01 1.150366296655952247e+01
1.160656731423159904e+01 1.155591233674690166e+01 1.156138009590166860e+01 1.184973012740360510e+01 1.171843920171730069e+01 1.187307955015412553e+01 1.155773085464978500e+01 1.168728992802916089e+01 1.158548523922104323e+01 1.164262135381757268e+01 1.156419416472263961e+01 1.154255933113653576e+01 1.160160405431269659e+01 1.154359897344913399e+01 1.154234354333321200e+01
1.156197540791657907e+01 1.151309432873857475e+01 1.155180259914336105e+01 1.185083386336718547e+01 1.169745166018869398e+01 1.185278551260845781e+01 1.153321648590796578e+01 1.165612381213393789e+01 1.158478102763058892e+01 1.160536020234670751e+01 1.153004599950838305e+01 1.150255423364041718e+01 1.156883221333590406e+01 1.151076511242774636e+01 1.150904877055450548e+01
1.155271993600240421e+01 1.150774992243565542e+01 1.155259113968010354e+01 1.181195964359367601e+01 1.167894472172215714e+01 1.183308450312062376e+01 1.151426335166732784e+01 1.164861697224601755e+01 1.158039611570825755e+01 1.159539059042318243e+01 1.150937240001517203e+01 1.149677124983507248e+01 1.156625767315542674e+01 1.150269016859165383e+01 1.150101541436093733e+01
