1.139989335791467973e+01 1.139141102069996059e+01 1.151305152617957717e+01 1.170470771641952190e+01 1.148013605879969923e+01 1.167389285530530252e+01 1.138327295140845230e+01 1.154818252275133439e+01 1.148350149205445803e+01 1.148153407334008058e+01 1.141780643958671781e+01 1.136016447971067578e+01 1.146352085399344745e+01 1.138358686073590320e+01 1.138382672413176522e+01
1.143332962789884455e+01 1.138679345302543489e+01 1.154939955892837311e+01 1.172623214471533792e+01 1.152404405632019824e+01 1.173289273633740848e+01 1.143094170634916296e+01 1.152328952714642618e+01 1.155067673769556968e+01 1.147487698740852480e+01 1.141083751588878137e+01 1.137961071862365792e+01 1.148197519565435876e+01 1.142776528093178356e+01 1.136913672200494574e+01
1.143038882764840203e+01 1.139439497276899971e+01 1.154088559692415394e+01 1.172427195748013773e+01 1.152703557109720478e+01 1.173303567929497859e+01 1.138757662804840898e+01 1.155862961849360104e+01 1.152635436531855895e+01 1.146837256816372452e+01 1.139934411007125625e+01 1.138370856755913252e+01 1.149531965308961645e+01 1.139569184358630771e+01 1.138390986057236276e+01
1.143150951597309728e+01 1.141566832296343037e+01 1.156526947152142348e+01 1.175486651421435447e+01 1.155124641955776532e+01 1.174802522618074008e+01 1.140980366610079955e+01 1.154081347483408315e+01 1.156217981838163489e+01 1.146634056133926727e+01 1.143115351895837328e+01 1.138692474979367653e+01 1.148503629164339301e+01 1.142256761779267116e+01 1.139207899105165467e+01
1.147405943658178096e+01 1.140543794631220642e+01 1.151367278024634722e+01 1.171177219527704239e+01 1.156640589199696478e+01 1.177140038066743521e+01 1.145741672443647552e+01 1.156317307022865215e+01 1.151634954655198406e+01 1.149747010628670196e+01 1.139609764959024574e+01 1.140708710817329141e+01 1.151300194446777425e+01 1.144222585971960804e+01 1.139478496042777600e+01
1.139707370663935393e+01 1.141485678854319730e+01 1.148026503507355045e+01 1.172042914974140082e+01 1.149764862124759546e+01 1.175386920125533230e+01 1.138128586240388529e+01 1.151874649966581998e+01 1.149914987542993394e+01 1.146143398270939961e+01 1.139355410701605642e+01 1.138512621606836994e+01 1.144988825316741021e+01 1.142460712006067070e+01 1.138750666233683262e+01
1.143685687885522029e+01 1.140006050882157496e+01 1.147805591359132116e+01 1.171227847363134345e+01 1.144259309992421336e+01 1.162732469766432430e+01 1.139661862444663853e+01 1.152834393324552664e+01 1.149206647503238088e+01 1.143258500287515211e+01 1.138043903764404163e+01 1.139902713129493428e+01 1.147693949631107735e+01 1.143793504552906626e+01 1.137599850822905978e+01
1.144253198851650311e+01 1.139787222302381409e+01 1.143305984467893666e+01 1.169255845650442360e+01 1.148388648369254739e+01 1.171718478747079750e+01 1.137095237476029475e+01 1.154285923126329827e+01 1.146439789932604469e+01 1.148729836757991407e+01 1.135210256475931878e+01 1.138116530578092878e+01 1.144734124400469355e+01 1.134572162611005375e+01 1.139901267309843469e+01
1.146790252846725977e+01 1.143715657943574904e+01 1.149381248914703768e+01 1.171257205512992705e+01 1.153620736166502958e+01 1.177918403082048826e+01 1.143534044886884793e+01 1.157134529732431361e+01 1.151793116079488222e+01 1.151936901436681993e+01 1.139198706169661079e+01 1.142653379748991860e+01 1.150699619611511082e+01 1.142402725299873900e+01 1.142511251564468289e+01
1.140892606884764859e+01 1.136732871170550219e+01 1.146456794029104387e+01 1.169866028052685181e+01 1.152834951509601957e+01 1.179408796247504299e+01 1.136717587244984884e+01 1.150506589621013909e+01 1.150082655776762053e+01 1.147175677075484401e+01 1.137234110548795840e+01 1.135289770121448960e+01 1.142832067438001786e+01 1.138416438551898402e+01 1.135596613879262229e+01
1.141114241811668784e+01 1.139167789597303049e+01 1.145995131468391648e+01 1.170609837694785327e+01 1.153793586809103111e+01 1.177051258428071812e+01 1.137269318947283203e+01 1.153619395987310980e+01 1.147105199690749977e+01 1.149039606531542645e+01 1.139106380413704578e+01 1.136662622463986949e+01 1.144123840060912833e+01 1.137347757353528444e+01 1.139384580525994473e+01
1.139953144167794719e+01 1.137032726219792522e+01 1.145116860157805938e+01 1.169022682582425432e+01 1.151645607169808372e+01 1.177241749632841561e+01 1.136616359667296727e+01 1.147684561719867702e+01 1.146288268652670972e+01 1.145458987075425483e+01 1.138260972506634872e+01 1.134764904812555031e+01 1.141116454001116587e+01 1.138227872547251707e+01 1.135393631521275104e+01
1.139263759260486708e+01 1.137396326431113103e+01 1.141409014693528512e+01 1.169088683337615997e+01 1.143770694673467681e+01 1.169260948631781893e+01 1.134452046644928025e+01 1.151799731335405852e+01 1.144127196214820152e+01 1.143752083549702192e+01 1.133571528433126474e+01 1.134169310679036968e+01 1.142180898647426623e+01 1.135684755387586975e+01 1.135221727340947417e+01
1.132504479315177193e+01 1.132474036066913214e+01 1.148806163899132216e+01 1.168058700822688500e+01 1.142718566553462800e+01 1.168580242870248220e+01 1.134655513647135905e+01 1.143986655083505788e+01 1.145542666196958592e+01 1.143749997568258081e+01 1.130781406846951320e+01 1.130301444318660664e+01 1.135475951459726218e+01 1.132920319257012665e+01 1.129370733384401326e+01
1.140190576502951636e+01 1.136148467175272891e+01 1.144013883937058296e+01 1.170437803098588958e+01 1.147648687211988516e+01 1.169461387576842526e+01 1.136430482144338150e+01 1.148214500530859361e+01 1.147135919487000599e+01 1.142306764595752533e+01 1.138828652232193406e+01 1.132675568870520166e+01 1.140780853486636559e+01 1.136822702605812019e+01 1.132971431166591181e+01
1.142016422358219430e+01 1.138177036030765699e+01 1.146213024359587784e+01 1.168693345264616568e+01 1.152640409416330769e+01 1.176229128207889651e+01 1.137758769200392805e+01 1.148891179683083230e+01 1.148749521398732298e+01 1.145766419895814892e+01 1.135360350614798719e+01 1.135036551463396037e+01 1.141840814916038482e+01 1.139292637879341186e+01 1.135344801936698467e+01
1.144681259777684623e+01 1.141904410289829919e+01 1.154288702434522840e+01 1.175493829233390919e+01 1.157012973050088256e+01 1.176081508299165712e+01 1.140665769180293410e+01 1.155136194670256700e+01 1.155326641597531001e+01 1.149820796293307978e+01 1.143279563036959168e+01 1.138960772214274897e+01 1.147735409913406812e+01 1.141617829178752785e+01 1.140244718449041628e+01
1.141957815467094051e+01 1.135792026660724474e+01 1.145908884632275004e+01 1.166068517091457579e+01 1.151988956923740126e+01 1.172621674126725289e+01 1.138493035823946187e+01 1.149959286033051775e+01 1.147584246434168165e+01 1.143836459623451063e+01 1.139095320764835151e+01 1.137410197593793448e+01 1.144745673424520582e+01 1.140715347004028501e+01 1.134448846947619316e+01
1.145975538996660781e+01 1.143401166150882275e+01 1.153832184686570805e+01 1.174078468149127552e+01 1.157365997483165110e+01 1.176233017296364913e+01 1.142694257256091639e+01 1.156172784004630749e+01 1.154833800321580384e+01 1.148785343137577364e+01 1.143917852515438938e+01 1.139816797639935153e+01 1.150842843363980883e+01 1.142424628196435599e+01 1.142305078933953766e+01
1.142609583913395177e+01 1.139117639558918071e+01 1.149758933710556974e+01 1.170983939215452097e+01 1.150746005563105534e+01 1.170084637050939769e+01 1.139984357701208850e+01 1.152801595400323187e+01 1.151997973616008863e+01 1.144700431271899177e+01 1.138311790544035595e+01 1.138409644648580965e+01 1.147912754468506158e+01 1.140172680128624805e+01 1.138389970564942288e+01
1.144276944525638839e+01 1.141427696337289355e+01 1.153796538852411402e+01 1.173977043935862064e+01 1.151714088671829117e+01 1.167790018354037151e+01 1.142294072196257027e+01 1.157102487472257479e+01 1.155095505477199680e+01 1.146549762756063373e+01 1.143136050214253352e+01 1.142465297432519122e+01 1.150295339639795777e+01 1.144854863798706113e+01 1.140715250262382341e+01
1.140680014427921840e+01 1.136797900110670412e+01 1.146339377257226388e+01 1.168354202669940634e+01 1.154955343139116231e+01 1.174269016974574775e+01 1.139014521736005037e+01 1.150863338260840685e+01 1.146818249497309061e+01 1.142719090586192010e+01 1.137690319760189794e+01 1.135778804352755778e+01 1.144876813158739992e+01 1.136697423633651027e+01 1.133865180101682490e+01
1.151184241099111816e+01 1.144782621022561742e+01 1.153064555439676653e+01 1.174354283891169715e+01 1.156937336016468088e+01 1.175874105592220964e+01 1.146822628630277485e+01 1.160478694549205692e+01 1.153170429588427659e+01 1.152345625815638996e+01 1.143191540150371921e+01 1.144027047502812700e+01 1.152785743756160919e+01 1.144944939714804732e+01 1.144330121740424921e+01
1.151955685036031696e+01 1.146723715463311954e+01 1.155412749942909834e+01 1.180942886623033949e+01 1.163500274259668110e+01 1.177393758056632045e+01 1.147688497332423552e+01 1.162752624747058761e+01 1.158826136568226772e+01 1.155895745517341311e+01 1.148625988943557807e+01 1.147248180527818739e+01 1.153630589169110010e+01 1.147918231074486961e+01 1.145513219362366364e+01
1.152955079890225321e+01 1.147208662601141249e+01 1.153184823679108995e+01 1.179113374260933433e+01 1.160035793716069108e+01 1.176905284169696309e+01 1.148696224178076974e+01 1.163736281057908073e+01 1.155175158775653621e+01 1.155095757574952309e+01 1.145340539787571643e+01 1.145594759963546849e+01 1.153872302028201524e+01 1.146631681996283447e+01 1.144868942674574974e+01
1.149177172390202806e+01 1.144226303601501193e+01 1.153960778578749036e+01 1.177702724694748859e+01 1.159068025292379644e+01 1.175140315310511063e+01 1.145129083594071773e+01 1.162773819182274515e+01 1.157326237950446846e+01 1.152949535342103005e+01 1.146965060659714197e+01 1.143664357734534143e+01 1.151661545933007424e+01 1.145683755039529927e+01 1.143252682471138115e+01
1.146382637617992728e+01 1.141874609885704928e+01 1.151120995039464034e+01 1.173254402432798216e+01 1.154241550150087114e+01 1.170399914872555058e+01 1.144280291817023709e+01 1.157678621771978023e+01 1.151176624633390055e+01 1.148694555898955016e+01 1.141801315448680221e+01 1.140290938474288573e+01 1.150029482105861867e+01 1.141318721606829456e+01 1.140220503119897977e+01
1.152525884223521935e+01 1.145696654197014475e+01 1.149378479527188723e+01 1.177621214343458433e+01 1.155977426614584758e+01 1.171428314556164452e+01 1.148206920851124302e+01 1.162064360827499776e+01 1.151969481352638347e+01 1.151406055109974780e+01 1.143592226128938449e+01 1.144374872565854595e+01 1.152718669280694641e+01 1.146190095305218826e+01 1.144825632782596436e+01
1.147349137531237950e+01 1.142875559300665067e+01 1.148560948088663203e+01 1.175129212043930416e+01 1.155352665675300194e+01 1.170413732115880556e+01 1.143325866033682026e+01 1.159171762107100356e+01 1.151432996260146879e+01 1.151712992425416893e+01 1.140392521953622484e+01 1.139524979590157017e+01 1.151148602128803589e+01 1.141181781145317764e+01 1.140025356757841024e+01
1.146421263610429975e+01 1.142680474146212788e+01 1.150466774131386671e+01 1.175135573000106959e+01 1.156321420413485512e+01 1.171429520398662838e+01 1.144178629756438070e+01 1.158161471567692757e+01 1.151659903739254709e+01 1.149191267710436293e+01 1.142487190875014491e+01 1.140445872800721183e+01 1.149992919116622403e+01 1.141536190548762342e+01 1.141626618264081650e+01
1.140200209043445589e+01 1.139516906638982441e+01 1.149269963953736884e+01 1.171240842123005166e+01 1.148908117443707511e+01 1.169184316495444698e+01 1.138916966026539335e+01 1.152786824564864965e+01 1.147807050424138353e+01 1.145411662008627651e+01 1.140184810255938963e+01 1.138309140322776791e+01 1.142945181028608914e+01 1.138095487326407351e+01 1.137646797129354326e+01
1.146105470591602682e+01 1.144157912076484429e+01 1.144653379690439365e+01 1.170760179723326644e+01 1.152935856039827200e+01 1.172270510886312245e+01 1.142018516289992469e+01 1.159121236395301402e+01 1.147304168308641081e+01 1.147030148406491179e+01 1.139051808875963268e+01 1.141582908195004187e+01 1.151019541928168799e+01 1.141273841670989775e+01 1.142238732593523665e+01
1.145025674555082418e+01 1.139820046892796945e+01 1.147929978334573953e+01 1.171452491124658124e+01 1.154609648344178119e+01 1.172131708534801042e+01 1.140921852901835898e+01 1.155874217651979130e+01 1.150395028178831147e+01 1.149271770773396639e+01 1.139650822532864716e+01 1.136508427767911300e+01 1.144342124173734376e+01 1.137783433359908081e+01 1.135723297756868355e+01
1.145960411806800749e+01 1.141123308181054341e+01 1.145414885992443921e+01 1.171649062748651104e+01 1.157260391015490697e+01 1.172578391046404533e+01 1.143079320462958393e+01 1.158294809343167664e+01 1.148408201035709197e+01 1.148138361483144188e+01 1.141969372396281379e+01 1.139919993539140819e+01 1.150044222568304342e+01 1.140999490317128640e+01 1.140308008024619291e+01
1.140757654765431894e+01 1.136705591029619455e+01 1.146254628529153408e+01 1.170586098795230257e+01 1.150771847426565486e+01 1.169907989346624078e+01 1.137622304408468210e+01 1.152367650024938861e+01 1.145788951508465203e+01 1.143225101519680287e+01 1.135941514096752236e+01 1.131664635547683062e+01 1.144644472126006285e+01 1.133639351242113946e+01 1.134982635750611912e+01
1.141974504982710670e+01 1.138065570581081154e+01 1.143504068130558515e+01 1.173955203564920069e+01 1.151508331149310393e+01 1.162842219373939656e+01 1.139301548695209654e+01 1.153011413435504018e+01 1.146640509543486708e+01 1.142169575709947615e+01 1.139594242850026973e+01 1.136337195553985779e+01 1.142881461487126060e+01 1.137257476024029756e+01 1.136264639712904234e+01
1.144423963158006785e+01 1.138021273429244218e+01 1.142975886719895584e+01 1.171701929984676482e+01 1.155373637851696778e+01 1.171686193612159599e+01 1.139303255539221915e+01 1.155101390282115403e+01 1.147518845199725135e+01 1.147450567334649563e+01 1.136718766078475085e+01 1.137459281870920158e+01 1.145289289439662461e+01 1.137112685445436888e+01 1.137863113944739624e+01
1.140166690192564936e+01 1.136734939686412282e+01 1.143712373671233884e+01 1.170730359559251177e+01 1.152637313421972465e+01 1.170128028691073219e+01 1.137998005147170666e+01 1.154196196268889096e+01 1.145940566759705526e+01 1.145759725252756134e+01 1.137065137738298048e+01 1.136963926506843769e+01 1.144263138994366891e+01 1.137102067581267661e+01 1.135960964942303519e+01
1.147279198402378952e+01 1.140864217198950392e+01 1.142813866802261913e+01 1.170189706193726309e+01 1.155292474058012431e+01 1.174186778777564832e+01 1.144573604031758407e+01 1.158157593565568533e+01 1.147391845074543149e+01 1.148458719703538833e+01 1.137255703857335476e+01 1.139863220413070266e+01 1.149289564261204966e+01 1.139821364393588787e+01 1.139940592661106855e+01
1.148101588524096606e+01 1.142300750284795186e+01 1.149042377990390307e+01 1.179948950223470305e+01 1.159779493858079036e+01 1.172492011960658154e+01 1.146363664620040979e+01 1.160403654245141070e+01 1.152493779819202580e+01 1.148756008717185750e+01 1.143114603257639317e+01 1.141839369116222436e+01 1.150610765630390553e+01 1.143241457795268623e+01 1.140439211387244711e+01
1.147370429036800132e+01 1.140072276092866410e+01 1.147417164604966011e+01 1.176257699645429433e+01 1.155656103135692270e+01 1.170233253074242974e+01 1.139472495106151229e+01 1.158191340118519719e+01 1.151989607727425913e+01 1.150426168805208249e+01 1.141284355104838966e+01 1.139327381187755073e+01 1.147373901342548663e+01 1.140588334830604289e+01 1.139169491387719368e+01
1.144515833673224314e+01 1.139443120721737479e+01 1.149098526726151093e+01 1.175830825392803725e+01 1.157352703969856655e+01 1.173696966842756595e+01 1.141550646176807682e+01 1.154284217935142465e+01 1.151091626630607401e+01 1.148675418260642545e+01 1.140010264303362675e+01 1.136705229047356980e+01 1.145797313904343540e+01 1.140176016347504628e+01 1.136678856755963984e+01
1.147613775188308516e+01 1.141460206484651430e+01 1.149490489397662607e+01 1.174610305502276120e+01 1.151614788759227181e+01 1.168887306957349637e+01 1.144774545843735858e+01 1.158574071127094385e+01 1.149700310012711491e+01 1.147071475861470269e+01 1.140916727483511117e+01 1.139468292843518782e+01 1.151351846995469153e+01 1.142449174022740621e+01 1.139972853951384657e+01
1.147936289668389165e+01 1.143608486963425896e+01 1.152968829748890833e+01 1.180727224380827067e+01 1.160996146516248295e+01 1.172837035772166381e+01 1.143869260339768346e+01 1.160859408016704286e+01 1.155308475403717772e+01 1.152392147754310692e+01 1.145191813476236753e+01 1.142179716957982549e+01 1.150649808275016284e+01 1.143695661191614299e+01 1.142302311323869191e+01
1.150979577207913351e+01 1.142884681764994070e+01 1.149467055594049825e+01 1.176639660023943001e+01 1.158926876821851160e+01 1.172758759937824991e+01 1.145463247058313705e+01 1.159599860260531834e+01 1.152656766080202999e+01 1.152215672086034459e+01 1.144895808227120781e+01 1.141286750787038251e+01 1.149781644424898097e+01 1.143926335998878940e+01 1.140542261426950610e+01
1.148628046188420981e+01 1.141524590932131566e+01 1.146994685287168814e+01 1.175871827518410484e+01 1.157859104141746087e+01 1.171778482336470084e+01 1.144515353845046057e+01 1.160033825522445738e+01 1.150543180795670395e+01 1.150946292272956661e+01 1.142420860333307608e+01 1.140692511881123572e+01 1.149964412640171751e+01 1.141524827541947040e+01 1.139851585155197711e+01
1.145103592518443314e+01 1.140673073144666994e+01 1.144863655947043668e+01 1.167782045024999427e+01 1.151900792629062487e+01 1.172744065056731344e+01 1.140167886388475615e+01 1.154298632639090449e+01 1.144549990038621523e+01 1.147790942758954458e+01 1.136737931003686874e+01 1.136573936456349365e+01 1.148186676808155937e+01 1.138394183269721616e+01 1.137959493740755512e+01
1.148742884313871926e+01 1.142779061563573428e+01 1.152703769675445677e+01 1.179473858598298186e+01 1.161611157634110292e+01 1.174544167750049084e+01 1.144408147268683962e+01 1.159457535056219690e+01 1.157983032212683838e+01 1.151857989682382133e+01 1.143907290837417356e+01 1.142105498853192458e+01 1.148246220662780281e+01 1.141365133475212801e+01 1.142357832885125113e+01
1.143938783007640403e+01 1.135315462356233773e+01 1.144272975211228882e+01 1.171029264378157286e+01 1.157293363026186128e+01 1.173022687577858925e+01 1.140895127000298359e+01 1.154572951212041509e+01 1.147981401020396319e+01 1.146846913810079194e+01 1.136466781987487451e+01 1.137204956721534721e+01 1.144738955505325961e+01 1.139437493693005266e+01 1.138197634622041754e+01
1.143384619370922017e+01 1.138809751095772249e+01 1.146644492055998654e+01 1.170822111897838624e+01 1.155062945766506743e+01 1.169779859031214642e+01 1.140046148350507771e+01 1.152626192086524348e+01 1.150469657226707021e+01 1.149958216668630051e+01 1.141093385067863686e+01 1.137180706755623127e+01 1.145609927862983035e+01 1.139194163182903807e+01 1.138076465728721232e+01
1.143150187348088842e+01 1.140681514849835843e+01 1.148992050035345613e+01 1.171295211758532773e+01 1.150017315271338170e+01 1.168581830014234946e+01 1.142144507890450278e+01 1.151910927804787299e+01 1.149364465078986441e+01 1.145011660526276565e+01 1.136408842550316223e+01 1.139454770910333714e+01 1.147397131895980316e+01 1.140989842605182680e+01 1.138560872348775099e+01
1.149597092390611586e+01 1.143344590555293649e+01 1.152958849044572709e+01 1.182067281479455367e+01 1.162481706458750885e+01 1.172641832894549019e+01 1.144572655088545154e+01 1.160902934303006617e+01 1.156439231231906106e+01 1.150638442561199071e+01 1.144903619680047413e+01 1.142362342047470491e+01 1.150243893988845301e+01 1.142991897786456512e+01 1.142816549078604282e+01
1.145480651295311958e+01 1.138034811358656739e+01 1.149843448393147050e+01 1.172994651273010724e+01 1.153071068249168363e+01 1.170525614726571995e+01 1.141244082891302014e+01 1.156334931911984043e+01 1.151144078473204679e+01 1.147603403619996243e+01 1.137527188541286094e+01 1.134736860325599572e+01 1.146980717807778305e+01 1.137770956147793022e+01 1.135302434381891246e+01
1.144705503996155294e+01 1.140649280227003004e+01 1.147599612064207619e+01 1.171565116812574914e+01 1.153203857105511609e+01 1.170205002992566889e+01 1.142280129057281179e+01 1.157253956950278173e+01 1.149225407454441061e+01 1.151072283089151682e+01 1.139332522298204786e+01 1.138386571612431553e+01 1.149079792814017686e+01 1.138629778553135807e+01 1.138792243438900975e+01
1.137798040440810432e+01 1.135169483514153832e+01 1.145194699641269942e+01 1.166846636706413243e+01 1.152858437450949758e+01 1.171341410353617007e+01 1.133593113351368409e+01 1.148530633602492834e+01 1.145693580355015051e+01 1.146133525722688695e+01 1.133847136292671465e+01 1.134876747995753909e+01 1.139633016689549549e+01 1.135925070313126817e+01 1.135345411147216232e+01
1.144081028175931181e+01 1.136566513061760908e+01 1.147783441173898922e+01 1.173762064753602985e+01 1.160033224107585070e+01 1.172002462281186652e+01 1.140165994396171456e+01 1.151043411618533874e+01 1.152460942471853222e+01 1.146254683311351741e+01 1.141900017657679101e+01 1.137339173482564014e+01 1.142002369113204985e+01 1.137967191790832011e+01 1.135323548000629224e+01
1.146558258983744949e+01 1.137969789670662202e+01 1.141247170998379090e+01 1.170913316913973112e+01 1.155211597680340851e+01 1.170254790090796781e+01 1.139427234479554762e+01 1.154049303345660427e+01 1.144426310504081279e+01 1.145031585951220521e+01 1.139661221490280241e+01 1.137633885726014604e+01 1.144884375453738912e+01 1.137402294283253035e+01 1.137517743317513030e+01
1.143352430806920417e+01 1.137793029498954489e+01 1.144130411721216589e+01 1.171553498704465568e+01 1.155609274276351783e+01 1.170266737430160653e+01 1.139327407418443627e+01 1.155275417566262597e+01 1.147454850163272511e+01 1.146149717250306921e+01 1.139956763848775623e+01 1.136092960903646087e+01 1.145280507007058191e+01 1.136465673690827316e+01 1.136387747053951891e+01
1.147290749214072747e+01 1.142859631422682654e+01 1.155397297057255734e+01 1.174696386508128754e+01 1.152312260648357700e+01 1.170110340255965831e+01 1.144900379226502096e+01 1.159318982845733004e+01 1.154982736884262984e+01 1.149767917277610252e+01 1.144887315568849395e+01 1.141633965128954742e+01 1.151076201124916487e+01 1.142713706171318400e+01 1.142045554537052254e+01
1.148874533808837484e+01 1.145424290246345222e+01 1.155759907811521181e+01 1.178476938413215258e+01 1.155144099201304186e+01 1.172141353179202383e+01 1.144763190415097220e+01 1.161683010634653002e+01 1.156372645663148191e+01 1.150614696541956405e+01 1.143254957613383915e+01 1.141731355372768597e+01 1.153176776956318861e+01 1.143236593308890114e+01 1.142483953147201703e+01
1.153310345287421335e+01 1.149281315343461962e+01 1.154094270685613033e+01 1.183368753716352550e+01 1.164089320518071879e+01 1.175910740635882767e+01 1.148659835846529020e+01 1.163383174465432646e+01 1.157957867093204740e+01 1.155317769728806354e+01 1.148934022800091626e+01 1.146996540151198829e+01 1.154619069325117131e+01 1.146075347636697117e+01 1.145951124001506471e+01
1.150379052912656519e+01 1.147245587889549867e+01 1.154300691002067403e+01 1.182436954441544508e+01 1.162690920233116643e+01 1.176879736280399413e+01 1.147260498054302680e+01 1.163153319912865946e+01 1.157734947259485381e+01 1.155085245374127645e+01 1.147855373568918402e+01 1.145094081224447002e+01 1.154404759953568238e+01 1.146499747306867611e+01 1.145407897915383622e+01
1.147284200673689902e+01 1.140696762584229162e+01 1.147650497105724732e+01 1.172930699539089261e+01 1.152018253650660284e+01 1.170147470627275865e+01 1.140975856557360046e+01 1.156076749416191163e+01 1.150067960230215824e+01 1.147564515387779061e+01 1.139352211302702855e+01 1.138204151315559720e+01 1.148519877712134907e+01 1.138652069313072346e+01 1.141068045133562237e+01
1.148015619814476196e+01 1.141993890210027374e+01 1.146889242186910529e+01 1.173332062444744039e+01 1.156047957936605641e+01 1.173917840841627935e+01 1.144951262615149723e+01 1.157841879497352622e+01 1.148788611683557193e+01 1.146369259296240628e+01 1.144423991819152064e+01 1.141585228162232291e+01 1.150312226393104176e+01 1.143764038317597631e+01 1.141936205857420283e+01
1.148920121739693911e+01 1.142054349123543844e+01 1.146795606850481342e+01 1.175869061213077060e+01 1.160052459927005941e+01 1.175289563097550172e+01 1.144105119864697251e+01 1.158400090952111583e+01 1.151609009252817017e+01 1.151913714356954088e+01 1.139908513916532407e+01 1.141054289885746087e+01 1.149258631047051971e+01 1.142755081306327902e+01 1.141560426140373963e+01
1.151020780377446684e+01 1.144468368629965660e+01 1.151891642000291149e+01 1.178424146326971922e+01 1.159169653761065355e+01 1.173480932686773137e+01 1.145400111632084261e+01 1.159576500372569718e+01 1.155209552789113481e+01 1.154427177673172622e+01 1.145831943812053844e+01 1.143206908815102096e+01 1.150416647542619586e+01 1.144201870484101669e+01 1.142263070758941623e+01
1.141993291064251537e+01 1.137831581342296872e+01 1.144380967327101395e+01 1.169647963122501899e+01 1.147763700611833393e+01 1.164343144608542957e+01 1.137335807086039274e+01 1.151477083642335231e+01 1.145216395630848538e+01 1.146041105247386049e+01 1.135189761677962217e+01 1.134439557088368211e+01 1.144849464568544661e+01 1.133880311556307241e+01 1.135005579508476359e+01
1.143244756858072542e+01 1.134909942717565734e+01 1.145546028795859606e+01 1.171995494405697080e+01 1.153360975308666347e+01 1.169832026875775099e+01 1.136142336657843543e+01 1.152591006318967715e+01 1.150912326660057161e+01 1.146117918842037042e+01 1.138577569491925523e+01 1.135755427647169391e+01 1.145869987615388119e+01 1.137686566526878096e+01 1.134198464489900893e+01
1.147021808834993628e+01 1.136979217063569259e+01 1.146897051170718740e+01 1.176212937915803636e+01 1.157709760472071991e+01 1.169421461270564322e+01 1.139303144567732495e+01 1.157052971904924910e+01 1.152459978626328052e+01 1.149429306472703516e+01 1.140652189624396584e+01 1.138252438527828581e+01 1.145864309891942590e+01 1.139325532791801265e+01 1.138678193116308712e+01
1.144116926130002021e+01 1.136645459436131311e+01 1.143964225496782028e+01 1.172039066137351249e+01 1.155345236742120818e+01 1.168404098404244884e+01 1.139672119276522899e+01 1.155052931728522303e+01 1.148095724993925693e+01 1.145657255277829911e+01 1.139975354667325647e+01 1.139422614509745202e+01 1.145854342857070307e+01 1.138706686077008534e+01 1.137671872601539036e+01
1.149992797739001027e+01 1.144378066370897429e+01 1.154700486146611382e+01 1.175211394516562358e+01 1.155649106371343571e+01 1.172899661674148142e+01 1.145823252242864854e+01 1.158314410422496898e+01 1.152411040793985819e+01 1.151044826979711821e+01 1.142001194658067220e+01 1.140747153334770303e+01 1.151959609210160274e+01 1.143015349642352163e+01 1.141080769875712342e+01
1.150134169937275175e+01 1.146865548846384009e+01 1.151559340051408853e+01 1.178371684432475242e+01 1.159862286503444651e+01 1.172260889104403425e+01 1.147346353884537073e+01 1.162651989126692698e+01 1.154993661417943684e+01 1.150648470753214347e+01 1.145240562457309785e+01 1.143653842842194379e+01 1.154675408480838783e+01 1.145050473014770809e+01 1.143921040976029779e+01
1.151491167507751712e+01 1.146594313647242203e+01 1.153719359228874453e+01 1.178660219235876383e+01 1.161750544801137330e+01 1.176111936497538224e+01 1.147217795233475002e+01 1.160504364029801749e+01 1.155628540442783958e+01 1.154872951123028280e+01 1.145896518346046200e+01 1.145221873040997096e+01 1.153084814377626444e+01 1.147528980161174417e+01 1.143719289183647803e+01
1.151746736637717383e+01 1.145919947552133600e+01 1.154691268950473138e+01 1.179007439681423897e+01 1.160413433572502484e+01 1.176611212266503692e+01 1.147026137897603348e+01 1.161666602918502100e+01 1.157639065270273449e+01 1.154591346188091272e+01 1.145906401118025464e+01 1.144705760744555967e+01 1.153120660309595102e+01 1.145642186329031276e+01 1.145872159723219497e+01
1.145157214278449764e+01 1.139655015175359942e+01 1.143958349827106424e+01 1.169986740061135144e+01 1.151488208257817725e+01 1.169780599623573103e+01 1.140414001355633467e+01 1.154017091413955853e+01 1.145340896905577566e+01 1.145979902946609563e+01 1.138782508978155761e+01 1.137773521131331478e+01 1.147624369070520522e+01 1.138253129873693581e+01 1.138969726483115252e+01
1.143828687054291926e+01 1.138194767038930877e+01 1.146602548676646194e+01 1.172212362627401561e+01 1.154732215838917675e+01 1.170807706761917721e+01 1.140460094266100377e+01 1.154088006264050570e+01 1.149243909514863660e+01 1.146934382599755153e+01 1.139612750628466031e+01 1.136775636817619883e+01 1.146874701549714892e+01 1.138076661338814333e+01 1.137109637874651469e+01
1.147270973994586463e+01 1.140742078863620002e+01 1.145710899657645321e+01 1.173291259416425447e+01 1.157605022870395217e+01 1.173381539940983487e+01 1.141799225046688981e+01 1.156628847293737650e+01 1.149512299979304686e+01 1.150485160634157467e+01 1.143100066338993059e+01 1.138945618734326182e+01 1.148702342766764950e+01 1.140282253673762725e+01 1.139263091599580768e+01
1.146004685948464186e+01 1.139491670159923764e+01 1.147505444793198848e+01 1.174588997052713424e+01 1.158696614461950780e+01 1.174645514700083737e+01 1.142584841056772404e+01 1.155550933159035409e+01 1.151414686789331832e+01 1.150877702273364278e+01 1.142398240728866732e+01 1.138557910195970102e+01 1.146511842321649510e+01 1.140298939560067915e+01 1.137905437917832785e+01
1.145751636907370852e+01 1.143223744683104215e+01 1.150725779594530884e+01 1.172693041478958875e+01 1.153638047063356531e+01 1.168653953941128520e+01 1.143334399438422011e+01 1.157446316598009872e+01 1.150295651962679599e+01 1.148009792549611596e+01 1.142236403613260798e+01 1.140440486661410979e+01 1.151016356418284126e+01 1.141606858434741589e+01 1.142029605827372762e+01
1.149403451649305374e+01 1.142751322123152313e+01 1.150269864155401045e+01 1.175157374410293798e+01 1.158614607619624159e+01 1.172839420572238467e+01 1.145020625753852528e+01 1.157950866306415882e+01 1.152434110130441347e+01 1.148963890621000594e+01 1.143323830007981456e+01 1.142389153114572231e+01 1.150000262652544158e+01 1.141946454392687471e+01 1.141867019323121291e+01
1.153568246101871253e+01 1.146612364292854913e+01 1.152604308610685457e+01 1.181653423145449899e+01 1.164020552036707379e+01 1.177978105778514362e+01 1.147666736817301647e+01 1.165158445311629265e+01 1.156818123395282427e+01 1.154668043608842964e+01 1.148432607964947749e+01 1.145686463457160187e+01 1.154679090249271312e+01 1.146610615137067413e+01 1.145881242393624078e+01
1.152380562538655617e+01 1.146200695697099370e+01 1.154484520581100426e+01 1.180745106787841436e+01 1.163219489756006730e+01 1.177323934278357598e+01 1.147829268218442778e+01 1.163252961571361155e+01 1.156920312524816019e+01 1.155327650892948377e+01 1.147041282058340350e+01 1.144287806809471952e+01 1.152808771761682927e+01 1.146457010851510105e+01 1.144397020825790712e+01
1.141084184410699365e+01 1.139586316810933297e+01 1.148701540863800652e+01 1.169195204086831907e+01 1.147903036346672145e+01 1.168260443159913464e+01 1.135923887712062275e+01 1.151708996655426631e+01 1.147329588322789640e+01 1.148609503587448266e+01 1.138696080070533512e+01 1.135885461365435489e+01 1.142383066671709813e+01 1.137755023485874517e+01 1.137750379703932602e+01
1.148416389133563875e+01 1.140957091431916837e+01 1.150306014280053013e+01 1.174828218571418326e+01 1.157568272107931762e+01 1.171514703554768744e+01 1.142658140662412691e+01 1.155296368983195343e+01 1.151267832830260573e+01 1.147359340862271715e+01 1.141159938324750378e+01 1.139556859209580608e+01 1.147207168001247268e+01 1.141504931093442288e+01 1.140294891482086825e+01
1.144076704206038286e+01 1.143292021145939152e+01 1.144810858524683006e+01 1.175565869438236710e+01 1.159630277283816291e+01 1.172821024579117655e+01 1.141571698967000970e+01 1.155956981628779978e+01 1.148579856633875984e+01 1.147874545590716622e+01 1.141195506005517224e+01 1.139407289087993469e+01 1.145632054918191400e+01 1.140781649989535396e+01 1.140385615445907597e+01
1.146659000847947674e+01 1.140310104642570188e+01 1.145270248821547199e+01 1.174976999002088363e+01 1.158084093320454322e+01 1.171537749177531929e+01 1.140357806746329139e+01 1.156122263418057017e+01 1.150442363791203171e+01 1.148391215466341642e+01 1.140301339803339431e+01 1.138428413498905023e+01 1.145786359170304713e+01 1.140544748092767868e+01 1.140064381618677025e+01
1.142259176090300166e+01 1.137065499103702848e+01 1.144007894686444615e+01 1.167018426654850849e+01 1.149337458000737655e+01 1.170651363787234445e+01 1.137731381725764912e+01 1.152870551022028778e+01 1.145967446006779866e+01 1.143883527754169727e+01 1.132837773347119281e+01 1.137612360024453295e+01 1.147101007029598030e+01 1.138510315899691072e+01 1.137733888058913045e+01
1.139574521755635139e+01 1.136736675721307499e+01 1.140767645786308648e+01 1.172457667285485705e+01 1.154639053419236561e+01 1.165052319882649634e+01 1.135795624463186293e+01 1.147935501676712633e+01 1.145597712690363323e+01 1.138711433783037386e+01 1.141011111856194304e+01 1.134579880456095147e+01 1.139671442359066411e+01 1.135844514518333881e+01 1.132844548028699094e+01
1.145245796252807402e+01 1.138990582711061172e+01 1.142599310919769628e+01 1.172501710732156965e+01 1.157519842961568735e+01 1.172780837286586575e+01 1.142089512523493156e+01 1.156200470094930743e+01 1.147635081493734788e+01 1.147996566040444755e+01 1.139697739506594765e+01 1.137838402050121900e+01 1.145886628729271273e+01 1.139255028815641424e+01 1.138879416467213446e+01
1.142063010874333884e+01 1.140926964233829288e+01 1.145898948513250026e+01 1.171955919435003146e+01 1.152453888968852702e+01 1.170977447441921626e+01 1.138271509731368347e+01 1.150726639228977177e+01 1.146481383659372177e+01 1.148236207997945613e+01 1.137126947757121442e+01 1.136796866411850537e+01 1.141839701022010622e+01 1.139246234881722586e+01 1.137029814605387301e+01
1.133133000993469608e+01 1.129070411555038689e+01 1.137828278111535596e+01 1.164287113174933985e+01 1.149410977590579819e+01 1.165699419732330533e+01 1.129918108783942365e+01 1.143552128626257414e+01 1.136252725513523743e+01 1.135435139544135374e+01 1.129232119536213474e+01 1.127833365522678122e+01 1.136958755275026256e+01 1.130282786794869310e+01 1.129062133363939147e+01
1.136984321043688162e+01 1.130693921646589750e+01 1.135233175573869779e+01 1.166824424044798114e+01 1.150331888571643901e+01 1.163042321689255765e+01 1.133038177676241354e+01 1.144891374664288719e+01 1.136267481953091796e+01 1.134798199661724993e+01 1.130388872967606417e+01 1.130068346885074426e+01 1.136740442442638610e+01 1.128129105281232114e+01 1.129061000327135567e+01
1.128523734649763099e+01 1.118679016145955529e+01 1.130563215864349047e+01 1.160956686092227130e+01 1.140625215863278896e+01 1.160948743479195855e+01 1.124318349934805461e+01 1.131938492817040220e+01 1.130333414447994222e+01 1.118925122687049623e+01 1.117627637137490559e+01 1.117985606461239456e+01 1.124914027017417872e+01 1.123402786708408208e+01 1.112438413315285679e+01
1.122185272297685543e+01 1.117503619635956369e+01 1.126948533818173104e+01 1.156994685424429292e+01 1.141806819935543515e+01 1.165175797139251479e+01 1.113917046130145927e+01 1.125524966457626874e+01 1.127090415868459949e+01 1.118750435199700277e+01 1.115103036133861281e+01 1.114313495158529932e+01 1.126069738106795981e+01 1.114439560708237664e+01 1.109700846694648391e+01
1.136890115704624726e+01 1.132851867725379158e+01 1.134557465422817479e+01 1.162241678496137176e+01 1.146730702974015337e+01 1.168410384382998757e+01 1.134578971161452898e+01 1.149467703336841673e+01 1.137014344334855664e+01 1.141136438748987736e+01 1.129941543317946007e+01 1.131308881095948671e+01 1.139244496760588632e+01 1.132720995498950245e+01 1.130913347662646196e+01
1.140003370813498229e+01 1.135430341267887755e+01 1.139569335273609951e+01 1.170572687527320710e+01 1.152721513233386652e+01 1.164779634220994176e+01 1.134802562552668093e+01 1.151116264381890453e+01 1.145441088014236541e+01 1.139464436010831072e+01 1.137605669980249345e+01 1.134395224161361604e+01 1.140172128209217028e+01 1.133267189441423461e+01 1.135279359004254651e+01
1.137559595460695760e+01 1.133849787931959696e+01 1.141084098062510499e+01 1.168168484575166843e+01 1.154988431540258986e+01 1.169620923233901344e+01 1.135066501404994987e+01 1.150261399127601969e+01 1.145385694212985861e+01 1.146821628863428977e+01 1.138023325950582532e+01 1.133572149150258568e+01 1.139166730989304810e+01 1.134752307152081130e+01 1.137072557949755591e+01
1.141104664122004664e+01 1.136652558776581934e+01 1.140495716892181122e+01 1.168277541027541311e+01 1.151102013174709704e+01 1.169204573579719408e+01 1.136662455611084255e+01 1.151312135842013973e+01 1.143018870750802130e+01 1.140182784858868992e+01 1.137927379681639373e+01 1.133885987740914381e+01 1.142443983268648289e+01 1.135312394387743851e+01 1.133721171171706388e+01
1.130182178828283490e+01 1.130612763835353363e+01 1.135335285961091145e+01 1.161669135774026884e+01 1.143078234520364767e+01 1.162506367564190946e+01 1.127371938749668523e+01 1.140048573968473278e+01 1.135724042221034580e+01 1.135780351089100115e+01 1.131188393926218616e+01 1.128241236373864886e+01 1.135154661642961216e+01 1.132233755051112034e+01 1.128913544539339497e+01
1.135538204728353051e+01 1.131093441040223091e+01 1.137242224903553733e+01 1.169656573949888667e+01 1.151954822396273492e+01 1.167895958633640063e+01 1.134016646053185440e+01 1.146465995624597056e+01 1.143107759847296556e+01 1.137669929455239348e+01 1.137947152101596515e+01 1.131738914004417751e+01 1.136274802803930939e+01 1.133655492103816798e+01 1.130041388115484580e+01
1.137772942508778051e+01 1.133200564533903609e+01 1.136221993273347053e+01 1.167157761741449029e+01 1.152479321337922791e+01 1.170791436999740398e+01 1.134534782492747595e+01 1.150684729179008414e+01 1.140631119469573562e+01 1.141429642176013459e+01 1.133830357204388228e+01 1.129719633335103524e+01 1.142386006440296242e+01 1.132979078132489370e+01 1.129850947794739646e+01
1.137555393613076049e+01 1.135766717601860165e+01 1.137750042734514189e+01 1.165619606173556022e+01 1.150309189855038206e+01 1.166438880187383376e+01 1.135251617082414022e+01 1.148107758956473923e+01 1.140716327824946674e+01 1.137565667957729509e+01 1.135205016732590977e+01 1.131845137918442212e+01 1.140568708810464038e+01 1.133859769384966576e+01 1.129693960129287689e+01
1.146158019361676317e+01 1.144952878759250581e+01 1.147872094608148608e+01 1.172809912219227790e+01 1.153106627733398959e+01 1.172472789874036181e+01 1.143007652825167675e+01 1.159648722064154747e+01 1.149874103423332272e+01 1.148711527350426742e+01 1.138035884582560975e+01 1.141599079161324504e+01 1.151354413221317152e+01 1.141837516936233854e+01 1.144136214447244271e+01
1.148539701583926664e+01 1.139682259125944164e+01 1.146725884906613047e+01 1.179251537588783982e+01 1.154741770779953924e+01 1.165485724185223049e+01 1.144453230513200026e+01 1.154324278753009914e+01 1.152573478281474095e+01 1.143185507484116314e+01 1.143334194199888643e+01 1.138530084831574385e+01 1.147355914131360954e+01 1.141237569735959667e+01 1.137831314687178796e+01
1.151233192543906370e+01 1.141963684981802629e+01 1.148844387522710342e+01 1.173615829028557300e+01 1.158186047221999537e+01 1.174366287170301781e+01 1.142611811188080928e+01 1.160395632230662066e+01 1.151957554129600503e+01 1.151392129609331327e+01 1.141293254722123329e+01 1.141480470865197461e+01 1.151031656099032929e+01 1.140811706592743491e+01 1.142845183756297800e+01
1.146427531563429270e+01 1.140306682704929209e+01 1.146523050445363978e+01 1.174711221728985144e+01 1.157117545721968810e+01 1.173698845597627205e+01 1.137799066236811107e+01 1.159059849730476977e+01 1.152508709391780783e+01 1.148387227543932809e+01 1.141718371844267743e+01 1.139093896329247002e+01 1.148619512289386080e+01 1.140018547112478942e+01 1.140935226496767285e+01
1.141032628125384107e+01 1.139306208805255416e+01 1.147753435966525437e+01 1.171559751743720668e+01 1.152071206266695214e+01 1.171415732646530827e+01 1.140652165330879697e+01 1.152997121640532185e+01 1.147473487876176002e+01 1.144795162540989431e+01 1.135991105650154331e+01 1.136088019918596714e+01 1.146679412506063578e+01 1.139460893765109617e+01 1.137326369514750724e+01
1.151856323708508434e+01 1.144461190846047316e+01 1.153984833286745904e+01 1.181677063084591950e+01 1.163727346812638075e+01 1.174752604951425994e+01 1.146986866246273884e+01 1.163340540432266046e+01 1.157342208224893376e+01 1.154723795756637195e+01 1.144731973347499121e+01 1.145086725340186184e+01 1.152151452234962647e+01 1.146633576478286898e+01 1.144755027758883870e+01
1.145540692123305604e+01 1.138854182195635900e+01 1.147790776855701900e+01 1.172771004350687107e+01 1.154524674082578528e+01 1.171560010569627686e+01 1.139834028455237025e+01 1.154537768450187407e+01 1.152083169230046877e+01 1.148513497009797923e+01 1.137468696954426584e+01 1.137375345225591694e+01 1.144342178901709417e+01 1.138303383355050435e+01 1.137698908855293034e+01
1.146611613908566696e+01 1.141190240159541602e+01 1.146221962902108871e+01 1.171016244012465535e+01 1.154312164435539323e+01 1.170218323757262802e+01 1.141941051012013375e+01 1.159338124038837137e+01 1.148595512410778063e+01 1.148167640407612033e+01 1.140111998501467028e+01 1.140105694080115839e+01 1.150162633572101356e+01 1.139185948259515158e+01 1.141350484077949545e+01
1.139753998412530756e+01 1.139620261612105523e+01 1.145332201753803503e+01 1.166580683262722218e+01 1.151631101347013342e+01 1.168632874937293309e+01 1.136486602143165392e+01 1.149309971328182378e+01 1.145048751349055038e+01 1.149909863253424014e+01 1.134209239507064915e+01 1.131230146650188217e+01 1.141781906111413925e+01 1.134389115603888243e+01 1.135484916015923318e+01
1.147456846133636432e+01 1.143181346056468684e+01 1.148385902192514685e+01 1.178565974446148701e+01 1.160601785110431905e+01 1.172668407827675807e+01 1.145066573663292964e+01 1.157010330918456376e+01 1.152343081132892166e+01 1.148737796488619622e+01 1.144392786356308633e+01 1.141086022919020593e+01 1.146785930063550119e+01 1.142086611510657335e+01 1.141194605131348006e+01
1.139750273349795684e+01 1.138419113335703514e+01 1.141932368014511567e+01 1.168631617793774069e+01 1.154228271325513866e+01 1.168757360435854231e+01 1.138166810050958588e+01 1.149923581524973315e+01 1.146520791302346609e+01 1.148571822166328005e+01 1.137429724806731635e+01 1.133656353621355173e+01 1.142357343846616580e+01 1.136127491039052195e+01 1.136563483635742422e+01
1.141081648652886926e+01 1.139015815148658639e+01 1.141973195522172801e+01 1.168865283451164494e+01 1.155462867232194313e+01 1.169911505052679068e+01 1.138209542509969729e+01 1.150343672939382778e+01 1.145658125901893598e+01 1.148009986598751198e+01 1.137846254593024220e+01 1.134943293214678839e+01 1.142597343776379049e+01 1.136510623089150762e+01 1.135655824215993981e+01
1.146526773666684917e+01 1.142748159548891707e+01 1.148301741895610917e+01 1.173042678624849877e+01 1.154708409275882275e+01 1.172183537053221691e+01 1.144455298344823646e+01 1.156721981034680979e+01 1.152102236424118153e+01 1.149999646454143942e+01 1.138359889700593897e+01 1.138437012272232707e+01 1.148051579781952825e+01 1.139842560562106577e+01 1.140013737363132051e+01
1.153324644495054230e+01 1.147525468193391163e+01 1.153813062859972582e+01 1.180757275779556181e+01 1.166691073764312314e+01 1.176941567888207985e+01 1.148973473821779834e+01 1.163280206012416507e+01 1.157143921994796365e+01 1.154420340733694417e+01 1.148951020493172415e+01 1.145235868418819258e+01 1.154433286742156639e+01 1.147110094007649295e+01 1.146867777467427096e+01
1.150332168502060171e+01 1.144931469074844976e+01 1.153011221804403696e+01 1.176082236995753583e+01 1.160530091068699221e+01 1.175275248223253044e+01 1.147416324626751916e+01 1.160995293757488156e+01 1.156168347409720276e+01 1.152728501040842168e+01 1.143175089818173795e+01 1.143044832327063887e+01 1.151144599777068933e+01 1.145200616326932774e+01 1.144727686187129656e+01
1.148704512986038218e+01 1.142201306792236792e+01 1.150878146112072642e+01 1.177208367535548916e+01 1.159263999051334793e+01 1.175299507951038613e+01 1.146182117805591538e+01 1.159253502272325953e+01 1.153539585265062861e+01 1.151724127299211453e+01 1.144997822131121801e+01 1.142639727687589257e+01 1.151203112334542666e+01 1.144409908548959010e+01 1.142595168886563606e+01
1.145861023903441733e+01 1.143325973223532976e+01 1.149093791996623892e+01 1.172100512179620679e+01 1.156785290357701967e+01 1.174279431736296786e+01 1.141319515423652753e+01 1.157907320551907659e+01 1.148918736379905958e+01 1.150084481985262386e+01 1.138479112642239421e+01 1.140162588945227107e+01 1.149946078542077110e+01 1.141995644423499456e+01 1.139951612485227450e+01
1.152140353399474826e+01 1.148951095308407844e+01 1.153800245043634654e+01 1.181428016857069885e+01 1.162256174480830850e+01 1.175703324380432413e+01 1.148926124617828570e+01 1.163646163816967594e+01 1.158132875439524945e+01 1.155301076449843301e+01 1.150950651396505009e+01 1.145867145037202484e+01 1.152331108180350761e+01 1.146653316876031781e+01 1.146162021385125840e+01
1.148647529902240905e+01 1.143172784589542523e+01 1.148278512235035365e+01 1.175234922752206224e+01 1.159983823505657696e+01 1.175222852552261443e+01 1.144430030733430037e+01 1.160156833340427696e+01 1.151319881695009428e+01 1.153449495411074466e+01 1.142691924642725887e+01 1.142432324233182683e+01 1.149990706242925853e+01 1.142254549896190596e+01 1.142222936534503930e+01
1.147709408397441777e+01 1.143002357108895595e+01 1.147282972844659454e+01 1.173485196498160477e+01 1.158715794942387944e+01 1.172642827481347005e+01 1.143876336651431203e+01 1.160302801651175031e+01 1.151305100743276455e+01 1.148876444421742349e+01 1.142362391034662394e+01 1.141315159979010119e+01 1.150139912300162948e+01 1.141491590734896810e+01 1.141867933536457080e+01
1.139878950561940130e+01 1.136076996127158978e+01 1.142635423605992884e+01 1.164754412646187554e+01 1.147129639138907997e+01 1.165610940473582602e+01 1.136881954258778471e+01 1.149968655301675824e+01 1.143568266030093383e+01 1.140765403829172442e+01 1.131976705688042628e+01 1.132927003599081495e+01 1.141865134059235842e+01 1.133903676668331784e+01 1.135333742049907713e+01
1.142609618649021108e+01 1.137547683545023780e+01 1.143145444582909320e+01 1.172408207571460537e+01 1.154814395392398296e+01 1.169018829720597630e+01 1.138686830141503847e+01 1.151543010433758063e+01 1.148082867090685077e+01 1.142817351342825560e+01 1.137420651268792327e+01 1.135291461672477453e+01 1.142160665259469354e+01 1.136405037660437323e+01 1.137487942304195521e+01
1.138781925955044372e+01 1.131924170006532293e+01 1.137806360823649676e+01 1.169148600278183459e+01 1.147884648085585724e+01 1.164747160586866137e+01 1.134585428558340148e+01 1.146932617171263047e+01 1.142964483132730713e+01 1.139969870255694318e+01 1.133028771804146473e+01 1.130852393625109009e+01 1.137299387228641478e+01 1.131973120030345115e+01 1.130745301650441803e+01
1.142440094212975765e+01 1.138460029229890580e+01 1.140327043143532570e+01 1.167748884100479501e+01 1.150412979702642424e+01 1.167696273555101705e+01 1.136773081776862782e+01 1.152019191028974632e+01 1.142191210281441371e+01 1.145506910995817940e+01 1.137333915982350518e+01 1.132216774854627239e+01 1.142979782713711856e+01 1.138001435358456348e+01 1.134025835837468854e+01
1.140120410347375390e+01 1.134934279242936128e+01 1.143937938211514904e+01 1.167936550874688884e+01 1.150379982644806631e+01 1.168332427651767524e+01 1.137027597168216886e+01 1.148891469361026552e+01 1.143856054351401497e+01 1.142643780966987421e+01 1.133131102381459065e+01 1.134106952734760654e+01 1.143208241615878151e+01 1.134874735115949562e+01 1.134494627667520383e+01
1.142916874982397424e+01 1.138497420563765239e+01 1.146139689886820001e+01 1.176978651779882057e+01 1.160483923375878490e+01 1.171933996099127917e+01 1.139220869742171161e+01 1.154213288673128268e+01 1.148953962700204201e+01 1.146054582311566072e+01 1.141903941901797914e+01 1.137536051850351271e+01 1.144034923353567024e+01 1.137729530885755125e+01 1.137226034298832822e+01
1.141739337336991511e+01 1.138061724892695636e+01 1.143595512364512601e+01 1.169016015611946280e+01 1.153799356026556033e+01 1.170291816026646536e+01 1.138194259895752580e+01 1.152819359021311385e+01 1.144394471962105797e+01 1.145211503284095400e+01 1.136818940649070520e+01 1.134642007394482377e+01 1.143254791408295112e+01 1.136128500267099106e+01 1.135641588322046047e+01
1.142576308081771153e+01 1.136370905881170046e+01 1.143317241671669038e+01 1.170586115361250457e+01 1.152342226788811352e+01 1.167474476517932835e+01 1.138941599507274027e+01 1.151905584644851821e+01 1.146167230213985455e+01 1.148507399089072400e+01 1.139703915185517502e+01 1.135483530086670179e+01 1.143364084830699845e+01 1.136060239812266381e+01 1.135395053254454290e+01
1.144322609664390278e+01 1.138639620490666537e+01 1.144084138481049528e+01 1.172455712420152807e+01 1.156567600894337211e+01 1.173448192686162805e+01 1.142511963129276253e+01 1.155448524839012592e+01 1.147620559160772657e+01 1.148642795481242551e+01 1.140682571910236298e+01 1.139391282785532233e+01 1.146967035628565590e+01 1.142385193413126920e+01 1.138073048115691854e+01
1.152841540948417887e+01 1.145362586488293566e+01 1.153328590849854862e+01 1.177900430742388771e+01 1.161617654646739339e+01 1.175272047771995609e+01 1.148863527423682562e+01 1.163851898299559195e+01 1.155653151129001976e+01 1.155564167190457248e+01 1.148348230421654037e+01 1.146093062755586800e+01 1.153833862499680052e+01 1.146799473644418299e+01 1.144474668249500482e+01
1.145226418423366610e+01 1.142422792088747840e+01 1.148253225773202679e+01 1.175347232806630515e+01 1.159648535866790375e+01 1.175119627053429738e+01 1.143167201316629544e+01 1.158198503409030167e+01 1.152179294717838864e+01 1.150647395629366265e+01 1.141308965415539234e+01 1.139878722455979876e+01 1.148442623105775695e+01 1.141150737966265183e+01 1.139441932735283203e+01
1.150323591147085800e+01 1.143768606116724662e+01 1.147451562833366445e+01 1.174858874035130718e+01 1.157624546838430746e+01 1.173038556540647903e+01 1.143843000760425177e+01 1.161310428096507330e+01 1.151127840372889644e+01 1.149534486174757397e+01 1.143125793916648369e+01 1.142781007233713808e+01 1.151497088680877745e+01 1.143182532458587630e+01 1.143313253969381904e+01
1.139182677130636101e+01 1.141904088119146543e+01 1.136664387072841542e+01 1.163998217869938934e+01 1.148270244662026940e+01 1.169014158031739115e+01 1.137362935818640963e+01 1.154587368497934818e+01 1.141630534423438803e+01 1.145306312330926168e+01 1.134297537858204130e+01 1.134129015868175294e+01 1.146290824876897396e+01 1.136227989969920671e+01 1.137309448072456952e+01
1.148093336933415642e+01 1.143906940695043772e+01 1.148833520597419877e+01 1.178267776799667743e+01 1.162922788637018279e+01 1.177077440985002710e+01 1.144384621089361254e+01 1.161204200499137507e+01 1.153061584424073871e+01 1.151796027508977360e+01 1.149075978677926102e+01 1.143810912228041410e+01 1.149174466412700646e+01 1.143501864506507815e+01 1.143649014963484944e+01
1.139908188499460806e+01 1.133517471483294514e+01 1.138791555201321337e+01 1.165443619405081144e+01 1.156078202661450938e+01 1.173955763186554258e+01 1.136874026995243803e+01 1.149817841017633491e+01 1.143116289226167304e+01 1.143437303010203721e+01 1.137194325466223788e+01 1.135163328102949798e+01 1.141383669029726811e+01 1.138258997145778117e+01 1.135132655764545717e+01
1.138975982630167572e+01 1.137585981055488915e+01 1.138894169306416160e+01 1.168338992966883083e+01 1.151779536870128062e+01 1.168862051712036276e+01 1.136648590815584825e+01 1.151759575227314336e+01 1.144789233448551613e+01 1.140956016470442869e+01 1.137051889138663974e+01 1.135430453137031037e+01 1.144706322910671759e+01 1.137447439924401493e+01 1.137289088691876771e+01
1.143139131965762445e+01 1.133618657601274471e+01 1.141091200711161413e+01 1.162062761464836136e+01 1.149871200172306906e+01 1.169353736231321328e+01 1.140532826904926544e+01 1.147448146827403725e+01 1.139978925310381186e+01 1.144620792924153818e+01 1.133951272609730943e+01 1.132548646003698067e+01 1.141682273431888284e+01 1.137696309403608730e+01 1.133319572888217053e+01
1.142084671728298240e+01 1.139236014592275303e+01 1.141318392566241613e+01 1.174799730495363370e+01 1.155409845774220123e+01 1.166560960085039689e+01 1.138152340704082199e+01 1.149472469704981314e+01 1.145652035151218229e+01 1.146003552541780479e+01 1.139132323289149085e+01 1.138426040294975827e+01 1.141470928741174617e+01 1.137495508998662075e+01 1.138539082971428762e+01
1.134367973482380343e+01 1.131874346423279221e+01 1.144737661757774028e+01 1.167871511620942826e+01 1.148540392403426935e+01 1.168201634257559363e+01 1.131493622644936181e+01 1.141687467358682717e+01 1.145633090584435898e+01 1.142082159545159215e+01 1.135070540632665015e+01 1.128044536790022434e+01 1.136593853758698458e+01 1.130479879627628037e+01 1.128897142723030456e+01
1.140089013744323232e+01 1.132773084353610571e+01 1.138110905368389325e+01 1.165653194232654499e+01 1.148084663402769223e+01 1.168292683675332100e+01 1.135084087758117555e+01 1.148560696692229222e+01 1.143956956181477658e+01 1.147600362444162236e+01 1.133818389746769917e+01 1.132755349039015158e+01 1.137307509708387165e+01 1.136535978338310393e+01 1.133454711946360938e+01
