1.641495817236106447e+01 1.642853714233073958e+01 1.642350545570216980e+01 1.643720409887697187e+01 1.642567941257476249e+01 1.643850485956531315e+01 1.642150472634432035e+01 1.640907314243223780e+01 1.640013113324303973e+01 1.641520653420784015e+01 1.642696800542491786e+01 1.643243992293751532e+01 1.643138080856688177e+01 1.643848422427929279e+01 1.641155426521850202e+01
1.640399807388690689e+01 1.641920007363678025e+01 1.643781970235733070e+01 1.643498385073776902e+01 1.641155164574907843e+01 1.642662537807552425e+01 1.641072681059137750e+01 1.641926408283550032e+01 1.642232271332469651e+01 1.640662138205467357e+01 1.643195180260688915e+01 1.642782462481972416e+01 1.641582659399282207e+01 1.643198398490565992e+01 1.643743891253760481e+01
1.644690604949025925e+01 1.642361495006681693e+01 1.641738352657027633e+01 1.644892054219681299e+01 1.642588492199231354e+01 1.643424910353288837e+01 1.644593843736208427e+01 1.643565067850859407e+01 1.642224909301331337e+01 1.642370677069002838e+01 1.644428177664313395e+01 1.640306147146726445e+01 1.644768719911166599e+01 1.641250361493414189e+01 1.643460276255805397e+01
1.642467758361086894e+01 1.641568501994091278e+01 1.640937650930244374e+01 1.640672788591885833e+01 1.641485970500980685e+01 1.642070075537305485e+01 1.642721301706926340e+01 1.643010558799246112e+01 1.642083023113244522e+01 1.641550168120542352e+01 1.641162060256708699e+01 1.642266230024523566e+01 1.644122849915861195e+01 1.643866922349582183e+01 1.640694378008965870e+01
1.643939870136441428e+01 1.642974926352032128e+01 1.641315691895218265e+01 1.640982183224940982e+01 1.642207785974817469e+01 1.642097138469950579e+01 1.640034194010598867e+01 1.641424055571826557e+01 1.642644478978759892e+01 1.643443779553263440e+01 1.641967071548193857e+01 1.640988065866653045e+01 1.641073202780304641e+01 1.646313168822605633e+01 1.638598938734131494e+01
1.644079598396036346e+01 1.640810698924997624e+01 1.643684680094219175e+01 1.644286911115641203e+01 1.642144684196863835e+01 1.641559607473005045e+01 1.645356616092660218e+01 1.641947281053506558e+01 1.641348955466762405e+01 1.643600520968474044e+01 1.641673245482189003e+01 1.643820713472430839e+01 1.640285418841486020e+01 1.640408510343597115e+01 1.643454273087092332e+01
1.642403436175465004e+01 1.644216124228403331e+01 1.642558999121826702e+01 1.641861688477446890e+01 1.642938837307016087e+01 1.641188058827555096e+01 1.640078422608272035e+01 1.642265357753164423e+01 1.642984224236010604e+01 1.639206842220911042e+01 1.643110977836204611e+01 1.642166844815622895e+01 1.641978533386153671e+01 1.641179673145090234e+01 1.643567380949347623e+01
1.641280541898978029e+01 1.643875883116464820e+01 1.643244963009365023e+01 1.644710778663340633e+01 1.642057761922746550e+01 1.640717059344435214e+01 1.642665145644683022e+01 1.643845303209120701e+01 1.644288843329649907e+01 1.643373726621559427e+01 1.642946860732545034e+01 1.642063668149059197e+01 1.638848988219781333e+01 1.640742741360618595e+01 1.643941384781368598e+01
1.644204902063491502e+01 1.641714056448837411e+01 1.643155991382008096e+01 1.641673667457603969e+01 1.642440418806915403e+01 1.641685202240691055e+01 1.642551968305344090e+01 1.640479351802316188e+01 1.642868407546012222e+01 1.642121863695486894e+01 1.642102375453806218e+01 1.642112112942328039e+01 1.642973355219175602e+01 1.644335663829637895e+01 1.640918620210828749e+01
1.642735803717645737e+01 1.642449852486609174e+01 1.641669727403958845e+01 1.645637790477916695e+01 1.642276496414445219e+01 1.643030984750244272e+01 1.641453802491720992e+01 1.642965212806802455e+01 1.643485202520324151e+01 1.642466590184341513e+01 1.641129006924744616e+01 1.641926266624157904e+01 1.640293616125098097e+01 1.639986787199411467e+01 1.643347338684819192e+01
1.641570827627231566e+01 1.644394722635034611e+01 1.642239442991493448e+01 1.641843118658170297e+01 1.643388913962212072e+01 1.641941842711455379e+01 1.641402897402103278e+01 1.642257760780167430e+01 1.643031517022296484e+01 1.640076683861951068e+01 1.644092411538504805e+01 1.643413951593472433e+01 1.642636805884062312e+01 1.642327187107431286e+01 1.641983646824593279e+01
1.642940763819576588e+01 1.642436273404172908e+01 1.641534392732265601e+01 1.644100647709269936e+01 1.640078850822430212e+01 1.643435168103343003e+01 1.641377415029876374e+01 1.642166930323644536e+01 1.642500152518305612e+01 1.641003110829752387e+01 1.641977815214118053e+01 1.643594594680613241e+01 1.640732402422274561e+01 1.642525753065351779e+01 1.642677779220551315e+01
1.641557523101509020e+01 1.642074700003756149e+01 1.643500884850172739e+01 1.641492952455519472e+01 1.642670719915357225e+01 1.643863917509476735e+01 1.641112081208867224e+01 1.643968719970303383e+01 1.640173351403506885e+01 1.641682332970486513e+01 1.641318197665408718e+01 1.643097226956562551e+01 1.644274361170621646e+01 1.642999175381924815e+01 1.642129088213954802e+01
1.642791060508888634e+01 1.643031586254380372e+01 1.641904582909768706e+01 1.641643369189228707e+01 1.641442741584506138e+01 1.642721586698791469e+01 1.641550155771071218e+01 1.641340687410981403e+01 1.642005782527933633e+01 1.643082084993454828e+01 1.642239355714934845e+01 1.642987639686058188e+01 1.641724597023436161e+01 1.641846721006135468e+01 1.643469096883966074e+01
1.643175662855905372e+01 1.640100547988240720e+01 1.644222146643981119e+01 1.644089517383689625e+01 1.643231750682782533e+01 1.641768429017246689e+01 1.641755477585110157e+01 1.642789419378820526e+01 1.641042755728448554e+01 1.642352312652858259e+01 1.643858377164703910e+01 1.642933976128002271e+01 1.641883086907413514e+01 1.644151937573173328e+01 1.642187486026593390e+01
1.642310611592858294e+01 1.640679789277230682e+01 1.642801723084170717e+01 1.643971656738727560e+01 1.640320336591483752e+01 1.642986215757006718e+01 1.644009523082171853e+01 1.643491415364551855e+01 1.641414567665012214e+01 1.644245440044870676e+01 1.644417841410960435e+01 1.643244857694197947e+01 1.641884556642839499e+01 1.641843745625928008e+01 1.642939287702959916e+01
1.641434253877039140e+01 1.643571695592405391e+01 1.642411827030202431e+01 1.644410859546450610e+01 1.642266485180433833e+01 1.645042351390775792e+01 1.642633933534210300e+01 1.641186001095642055e+01 1.643133493609215279e+01 1.643823741224634460e+01 1.644822457364757540e+01 1.642816370188120345e+01 1.643891331327209926e+01 1.641157250049829486e+01 1.642133176445511467e+01
1.642618960027248320e+01 1.645041760581279533e+01 1.640574822765909246e+01 1.642877161944189623e+01 1.644716934763484772e+01 1.641158913905242756e+01 1.642794814615512422e+01 1.641330536735044632e+01 1.642499126811788912e+01 1.641723689579414724e+01 1.641016563906036652e+01 1.641122627595968453e+01 1.643628465520388460e+01 1.642779955517660539e+01 1.642788155874065126e+01
1.641887640393599312e+01 1.642536918686638359e+01 1.641974015386574592e+01 1.644391432826793675e+01 1.643487460502266728e+01 1.641860367511449326e+01 1.643245877332025984e+01 1.642400700556162008e+01 1.643177045361452571e+01 1.638999029222798853e+01 1.642726355646131609e+01 1.641365473497880600e+01 1.643017305727244803e+01 1.641143036011924750e+01 1.642730890241882591e+01
1.640350395273004835e+01 1.643132076932564090e+01 1.641454398539988802e+01 1.642008571084708990e+01 1.641701858274934267e+01 1.640622057909855158e+01 1.643416079865722068e+01 1.643759687857438223e+01 1.643042553884005486e+01 1.641420336850379158e+01 1.643550362541170529e+01 1.640307390354668371e+01 1.640749033345737828e+01 1.642583755850889204e+01 1.639765060239189154e+01
1.642382909406256530e+01 1.643270416399715472e+01 1.641086430201750801e+01 1.642595385141800080e+01 1.641314704281856152e+01 1.641595776368626858e+01 1.644104803468340492e+01 1.641989125485307710e+01 1.640886270675473568e+01 1.641596580654306692e+01 1.643506696245643539e+01 1.639049220089387404e+01 1.641307484487708379e+01 1.641498202663370876e+01 1.642703101995074633e+01
1.643245605351163618e+01 1.643029118597463167e+01 1.642098561845597970e+01 1.641421967348923516e+01 1.641214733766069855e+01 1.642053688191630556e+01 1.641869450761948812e+01 1.643605308014104693e+01 1.641335138223205803e+01 1.642303946215219312e+01 1.642924686652789035e+01 1.640588776078411826e+01 1.640978982106156181e+01 1.641104240689958971e+01 1.643374617855285180e+01
1.641443350104525578e+01 1.640309495030848552e+01 1.641799344068694566e+01 1.644357578295586109e+01 1.644154547920673437e+01 1.643509207716830645e+01 1.641746487729916737e+01 1.641146025777022643e+01 1.644259350626787963e+01 1.640447231758762214e+01 1.646732555762615391e+01 1.640685974393407065e+01 1.645460799675945296e+01 1.640803301589822993e+01 1.642555503705295905e+01
1.642971214932314439e+01 1.644722409086704928e+01 1.641648683293590594e+01 1.643567166179959216e+01 1.644460592632618656e+01 1.642335202392562366e+01 1.642774031737776497e+01 1.645104424908069873e+01 1.643176040457128551e+01 1.641077671124755710e+01 1.642489887611919741e+01 1.641624828499864464e+01 1.640567253911358492e+01 1.646883427697436275e+01 1.642831054789991185e+01
1.642353167291886606e+01 1.641341405657582442e+01 1.639614346847717030e+01 1.641547581980718817e+01 1.640733152787105098e+01 1.640222312333253640e+01 1.641187196540082027e+01 1.643488585700831095e+01 1.640881462369080879e+01 1.641561204537702423e+01 1.641316770697665461e+01 1.644028586889856669e+01 1.642326978509145263e+01 1.645405104498178517e+01 1.644543624421888595e+01
1.641093998543386689e+01 1.641572862270136213e+01 1.642940431071414054e+01 1.644495923721632380e+01 1.643487267210366198e+01 1.641947356974405281e+01 1.642597020962337240e+01 1.644878775308318097e+01 1.641659854796398221e+01 1.644561596098272815e+01 1.641402269777973189e+01 1.642658391684913965e+01 1.643145806583617485e+01 1.638624356352396205e+01 1.644553004005506835e+01
1.641587691213279854e+01 1.644189683228264087e+01 1.640308995054881791e+01 1.641796738810459999e+01 1.640416000560466614e+01 1.641223243527582554e+01 1.641362075834481971e+01 1.640291843804871164e+01 1.643396227854518088e+01 1.644276031826498752e+01 1.642724144570951239e+01 1.642979775252310759e+01 1.642288508450231888e+01 1.643800045386778308e+01 1.642398894141853205e+01
1.643488930943848203e+01 1.640783064889653886e+01 1.642647688807762663e+01 1.642424802910011650e+01 1.641732629549870026e+01 1.640782609138581449e+01 1.643195036917557061e+01 1.641973058332904856e+01 1.640702852787586252e+01 1.639269894213465406e+01 1.641970928512044026e+01 1.642696362670132615e+01 1.643968132794756443e+01 1.643362869632576917e+01 1.643317783181766956e+01
1.643331613103612909e+01 1.643783182196923676e+01 1.643230090733012005e+01 1.641491193912289148e+01 1.643688978842332205e+01 1.643120476584484990e+01 1.641685916184211180e+01 1.643174395058949955e+01 1.642440725255504219e+01 1.641177866805312036e+01 1.640974588390906419e+01 1.643363055471454359e+01 1.641587569230236809e+01 1.640080475141784433e+01 1.644156498472925065e+01
1.643030002772047737e+01 1.643120935157931584e+01 1.642486322459303949e+01 1.638586883774074110e+01 1.642351415856257546e+01 1.643317762566613993e+01 1.641129241738644140e+01 1.642518312660570956e+01 1.642098909744620627e+01 1.641700636914788447e+01 1.641145637769506038e+01 1.644361082219197101e+01 1.642556138453397452e+01 1.642803591206488889e+01 1.643136101561667317e+01
1.641713035264534426e+01 1.642749146335013322e+01 1.641696628053265172e+01 1.639947718269576882e+01 1.642550439774882776e+01 1.640943440435282952e+01 1.642481733401359278e+01 1.642392145051131536e+01 1.642876861556875667e+01 1.640996743370626376e+01 1.640948308054148796e+01 1.644648995993858165e+01 1.642770414096626652e+01 1.642246380369854819e+01 1.642149477128249657e+01
1.642794720528734587e+01 1.642250318144326826e+01 1.640291408453188993e+01 1.641906520266524083e+01 1.643098207321201798e+01 1.642946364106900603e+01 1.642980093058390167e+01 1.642314285894366321e+01 1.643130145975102963e+01 1.642062200767598767e+01 1.642165956843316366e+01 1.642366058792696393e+01 1.639293185776574191e+01 1.640029693178094305e+01 1.641804701044952353e+01
1.642502358052309575e+01 1.642987710561200032e+01 1.642429819541162672e+01 1.642364736757490462e+01 1.643292325402001453e+01 1.642905915456303489e+01 1.641087543037204455e+01 1.643137130197944273e+01 1.644088882156035680e+01 1.640996029997051409e+01 1.641712796736056390e+01 1.643520209302157653e+01 1.642247816125581039e+01 1.640427808171845570e+01 1.639273689659219713e+01
1.641057456555363814e+01 1.643398975862386635e+01 1.643154739367131967e+01 1.639444729464067052e+01 1.642498774610973200e+01 1.640841528751328582e+01 1.641587804438454157e+01 1.641634696234596191e+01 1.642626302123871085e+01 1.641854931682635410e+01 1.643437937467229659e+01 1.643762610597097407e+01 1.643939825388695652e+01 1.641030428799496121e+01 1.643267724963667575e+01
1.642612834048064840e+01 1.641924709771240032e+01 1.643169591276584285e+01 1.641308952206710003e+01 1.642032723206167688e+01 1.640683934472773586e+01 1.644059714898407876e+01 1.643419110730797783e+01 1.642258322515910507e+01 1.641053072236618604e+01 1.641624684121901012e+01 1.640097220192238581e+01 1.642587642286169114e+01 1.644274313018355471e+01 1.644380198396873638e+01
1.640404352088252082e+01 1.643282303845021630e+01 1.644882818010630388e+01 1.641292011975253473e+01 1.641246741889068872e+01 1.642782490057613032e+01 1.642158697125838529e+01 1.641026220757850140e+01 1.641208544573877504e+01 1.639566413287139923e+01 1.642544279320962630e+01 1.642000449737036050e+01 1.640383072150575572e+01 1.643612011585462085e+01 1.643232531188870027e+01
1.642045545492607062e+01 1.641204312546246058e+01 1.641515893467576248e+01 1.641778178429992963e+01 1.641748754851434455e+01 1.641549848443343507e+01 1.641143158648848299e+01 1.642397828244473246e+01 1.643697818840234959e+01 1.643469221576334149e+01 1.643395491860189850e+01 1.641353571724306093e+01 1.641545290283879410e+01 1.644791918309910272e+01 1.642750283439046299e+01
1.639662246995419181e+01 1.642203895598240848e+01 1.641028759326631814e+01 1.640723163254099859e+01 1.641383601177378893e+01 1.643124166630117244e+01 1.640871115489704835e+01 1.642013296625653140e+01 1.643517120572917278e+01 1.641473166438226627e+01 1.640695178312634539e+01 1.640400681561439811e+01 1.643609102302363922e+01 1.641783246772074634e+01 1.642740419174921840e+01
1.641646254342361289e+01 1.639585942496863780e+01 1.643266475491803646e+01 1.641854906717150797e+01 1.642243636598482937e+01 1.640760208993027192e+01 1.643449439581417337e+01 1.641405484480556254e+01 1.644394495378679011e+01 1.643125143232848728e+01 1.640934672923835080e+01 1.642557189893788561e+01 1.641916878253388745e+01 1.641601449184038586e+01 1.641043587180678998e+01
1.640858475733268662e+01 1.642062699387178171e+01 1.641006280911448911e+01 1.642753644438665361e+01 1.643379149452578858e+01 1.642712276527449689e+01 1.643094192445392565e+01 1.642231358660238527e+01 1.641880387237684857e+01 1.641669853726337891e+01 1.642374683575716077e+01 1.642669380701821424e+01 1.643143573596542595e+01 1.639990912243295185e+01 1.638830697233109035e+01
1.644633676184700022e+01 1.643213983860637484e+01 1.641656359512244734e+01 1.644162166345605058e+01 1.643468865173410620e+01 1.640197563110801582e+01 1.642181797300635893e+01 1.642705009739225019e+01 1.640425647266760123e+01 1.642124462604682478e+01 1.641254730061641709e+01 1.645296574247688426e+01 1.645028973384250293e+01 1.643842815292383364e+01 1.640133172145966967e+01
1.642246330192346804e+01 1.642932174043254889e+01 1.642297429047627944e+01 1.642049456789200690e+01 1.643443932542364649e+01 1.643551222008096246e+01 1.641955075822676946e+01 1.640090401770656570e+01 1.641339018845490472e+01 1.643802735900353795e+01 1.643149904985831711e+01 1.643263759469288487e+01 1.645187951099423884e+01 1.642273927433221559e+01 1.642427321127463813e+01
1.641688450706965341e+01 1.644128581869000882e+01 1.643946551097119979e+01 1.643343945240106763e+01 1.643298728969883271e+01 1.643212862615630954e+01 1.641397183677691984e+01 1.641657142820119830e+01 1.641500463700495160e+01 1.641665517943061658e+01 1.641672354881452023e+01 1.642907421416354197e+01 1.643708083340493431e+01 1.642707033855865006e+01 1.643972589058125777e+01
1.642544120948185338e+01 1.644392329775021722e+01 1.642201374133540526e+01 1.641245792342331811e+01 1.641305824439954719e+01 1.641610153357834534e+01 1.642927893784556659e+01 1.639492814044310620e+01 1.641323454687154282e+01 1.641621975655325372e+01 1.642628812365443736e+01 1.644218563420443502e+01 1.641430205943600029e+01 1.643495450031480942e+01 1.644093351157194860e+01
1.641887199778174633e+01 1.639759832397557204e+01 1.639600239801721671e+01 1.641771060822612682e+01 1.643530469216910461e+01 1.643062198479815450e+01 1.642266894362863283e+01 1.641146935342380786e+01 1.643118207890093529e+01 1.641325071092024857e+01 1.639420853617364671e+01 1.642075095091877301e+01 1.641423779140441752e+01 1.644357905980876566e+01 1.642940682097943750e+01
1.640759745168987394e+01 1.641693040068038556e+01 1.640633509803780754e+01 1.643041555792646591e+01 1.643500343731071567e+01 1.642144831791904735e+01 1.644257050894754002e+01 1.642821025458682271e+01 1.645065725540881729e+01 1.643201094290869690e+01 1.641955245051308054e+01 1.640446596043108940e+01 1.641630007306186556e+01 1.642396313992044554e+01 1.640795489232312931e+01
1.642711099438074385e+01 1.641729534410837488e+01 1.641796876747730849e+01 1.642069749697236247e+01 1.642349497568450545e+01 1.643519517233479377e+01 1.642336556008070048e+01 1.643411248784228462e+01 1.643184229502558225e+01 1.642798038366142066e+01 1.641581722708626501e+01 1.641178174240579324e+01 1.643192741049948680e+01 1.644255720460963133e+01 1.641595509081711413e+01
1.642006516839652264e+01 1.642316318052832003e+01 1.641929110657453705e+01 1.642071823108209472e+01 1.644252171453337041e+01 1.643847267412943580e+01 1.644641746559002371e+01 1.643512489127711618e+01 1.642421902599276962e+01 1.641737358203535635e+01 1.645100990954351516e+01 1.644001556021278887e+01 1.642753565721948306e+01 1.641063755633635424e+01 1.642058865597631723e+01
1.642354620500361762e+01 1.641702979166795018e+01 1.640819494882182283e+01 1.640763253824516354e+01 1.642672782801220421e+01 1.644825707793570757e+01 1.641921523741796918e+01 1.639820570128052069e+01 1.641442981814950031e+01 1.642795828420819504e+01 1.643539645550697159e+01 1.642296717398089356e+01 1.641120961417709978e+01 1.641721188809187737e+01 1.642223786186595547e+01
1.641396886301678393e+01 1.638448071054910571e+01 1.641281410307161792e+01 1.642411834626588174e+01 1.643780488187443112e+01 1.642784266133481097e+01 1.640992072690952597e+01 1.641567254441114088e+01 1.641646316149268969e+01 1.640700411827721084e+01 1.643410032682778521e+01 1.642534056088564753e+01 1.643175876660225043e+01 1.643950860519213819e+01 1.642602048115408309e+01
1.641825253534288720e+01 1.644399986526920543e+01 1.642013087674298077e+01 1.642547165051812996e+01 1.643073941035136798e+01 1.639810124043497197e+01 1.642833650757166453e+01 1.643335783506595860e+01 1.640807083044173709e+01 1.641021627381961778e+01 1.642523820613114083e+01 1.643901967019649035e+01 1.641965586199022198e+01 1.643216885556616091e+01 1.644072875518541110e+01
1.642874589974402255e+01 1.641406483269035022e+01 1.642624362544634664e+01 1.641911173197253149e+01 1.641549881702200153e+01 1.643098772656711404e+01 1.641850247218496861e+01 1.641129711848748229e+01 1.640108251735095735e+01 1.643292994375609695e+01 1.641202986194829450e+01 1.641111447834971315e+01 1.641965559223019966e+01 1.643290234251520943e+01 1.642008219885929776e+01
1.644189024800595433e+01 1.641469538815711005e+01 1.642418130707511281e+01 1.641942684006295394e+01 1.644396524460082176e+01 1.642952414087174873e+01 1.641703824119269584e+01 1.640726346062423602e+01 1.643996028795309883e+01 1.641236736211245528e+01 1.642463536978734950e+01 1.640493663611936981e+01 1.643740309217383455e+01 1.642808375212132788e+01 1.640659700585138125e+01
1.640507341278956943e+01 1.643947199908709322e+01 1.643219354433841062e+01 1.639562233042883577e+01 1.641994966451635563e+01 1.643471274882386268e+01 1.643750608474918806e+01 1.641719332470471571e+01 1.641932570539066205e+01 1.643359381075893566e+01 1.642425910292347169e+01 1.640738214995014133e+01 1.641794946752136752e+01 1.642413122597884012e+01 1.642898237162570751e+01
1.640762600329172827e+01 1.641998690313424802e+01 1.639090857649075872e+01 1.641784812336338462e+01 1.641897707047971977e+01 1.644649526145926899e+01 1.640927300923289067e+01 1.644057048877544602e+01 1.642976345986556197e+01 1.640030198118231297e+01 1.642940978347627379e+01 1.644644629855525508e+01 1.640729794537102748e+01 1.641988635709578404e+01 1.645003900114597073e+01
1.641291212043377712e+01 1.642617809083895253e+01 1.642458615300009939e+01 1.642804479494055769e+01 1.642329958510849153e+01 1.641544533024736552e+01 1.644097913539066624e+01 1.642393433330600061e+01 1.642035595398224501e+01 1.641616353456014110e+01 1.643161419823740133e+01 1.643230593369698411e+01 1.644504572310558643e+01 1.643303880456187827e+01 1.642541591098104448e+01
1.645604939487443374e+01 1.644562718269091306e+01 1.643127259806556850e+01 1.644226574163496579e+01 1.642259649927571630e+01 1.643784018666502433e+01 1.642790854261865974e+01 1.640813063516214498e+01 1.644762385137111949e+01 1.642094702817412966e+01 1.640135805382116985e+01 1.641228495425384182e+01 1.641166738531484981e+01 1.642650643036792601e+01 1.641633563628283810e+01
1.642535705107029642e+01 1.643535516418547004e+01 1.643041768040929540e+01 1.643321919603969405e+01 1.642134717352603346e+01 1.641844583238640354e+01 1.641301836738793085e+01 1.642186509671864059e+01 1.641841055249706116e+01 1.643020702492300344e+01 1.642481931679138896e+01 1.642409301401820798e+01 1.641360367800508513e+01 1.642863348411151492e+01 1.642371252662011116e+01
1.642516025175786254e+01 1.642230209461276402e+01 1.640376555133881453e+01 1.641217581479228471e+01 1.640338445782053611e+01 1.640951612978138385e+01 1.643084227629762850e+01 1.642667820952590318e+01 1.640675215201129689e+01 1.642971341172805211e+01 1.641391178586033561e+01 1.641790619441588106e+01 1.640786614834688706e+01 1.642488954979329563e+01 1.640889876465492492e+01
1.641982637619984686e+01 1.642653751101730819e+01 1.644998778157194863e+01 1.642973875963618369e+01 1.643106341032657625e+01 1.643751609659748070e+01 1.641565581587694211e+01 1.643381652726819198e+01 1.642595992984930220e+01 1.642152879468335769e+01 1.639970406321944552e+01 1.641529078406171394e+01 1.645396262175374602e+01 1.642852352800167637e+01 1.643416516195236809e+01
1.644862290416159212e+01 1.640789496921290080e+01 1.638663244192130009e+01 1.641240577492375863e+01 1.641286283993633432e+01 1.641280081673782831e+01 1.642607153385269925e+01 1.641416438616384710e+01 1.643800325182113653e+01 1.643941028940049875e+01 1.643157319339418976e+01 1.643414431655259378e+01 1.641089494020139838e+01 1.640534860467660039e+01 1.639208103231207048e+01
1.644079148570434512e+01 1.641286263403192791e+01 1.641334828553102554e+01 1.643374758690764281e+01 1.641188234796442202e+01 1.643477151693312521e+01 1.643550585623647819e+01 1.641938574644665749e+01 1.642819262737592823e+01 1.640969571845822728e+01 1.641305361346531200e+01 1.643327052542187161e+01 1.641292023624882646e+01 1.641224526046512011e+01 1.642302254563070463e+01
1.642470686080808306e+01 1.641694921329982293e+01 1.642544315213171302e+01 1.640886038473482600e+01 1.641669660560434352e+01 1.641088786256926113e+01 1.641038562699412040e+01 1.642880488329227973e+01 1.642440281166572902e+01 1.639674710135408375e+01 1.642094738206573368e+01 1.641658219592596168e+01 1.643739702092766564e+01 1.643071071717921683e+01 1.642983137437705921e+01
1.642998970471203890e+01 1.643175824970855103e+01 1.641433702667196570e+01 1.642017969657128518e+01 1.641260960241736910e+01 1.642812745195012880e+01 1.642404411184665491e+01 1.642083005033930121e+01 1.642604429790472054e+01 1.645291886559986594e+01 1.642537715967106493e+01 1.642766673662934807e+01 1.640312865397149267e+01 1.644179698235450005e+01 1.641895133383754057e+01
1.642885571423835245e+01 1.645390724527700144e+01 1.640094000516249295e+01 1.641121763411751644e+01 1.641689332825113468e+01 1.642683429675347639e+01 1.641190591562007839e+01 1.641796432593496036e+01 1.644646417044188524e+01 1.641830584535523485e+01 1.644090604818200774e+01 1.642173386078932751e+01 1.643371342967456172e+01 1.641961010878240046e+01 1.642620096502476912e+01
1.640502700520456969e+01 1.644608643729615594e+01 1.642495885784655130e+01 1.645534144870959992e+01 1.643128921151753730e+01 1.643712278048254305e+01 1.642350859059720491e+01 1.643377149471326959e+01 1.643150125882986501e+01 1.642713334138907655e+01 1.641483970560996042e+01 1.643310958498218355e+01 1.644696074022309062e+01 1.643035933098799006e+01 1.641496304264109796e+01
1.642516153967974546e+01 1.640327725717076390e+01 1.641813083961964281e+01 1.643208460041216767e+01 1.641502292780572958e+01 1.640687437447081010e+01 1.641734087128241981e+01 1.641964207575848178e+01 1.641430697668162253e+01 1.643685697687978475e+01 1.643675680631659120e+01 1.643637843207200433e+01 1.640829401761197559e+01 1.641643745320582326e+01 1.643115818251022731e+01
1.641476014420524621e+01 1.642206105334916444e+01 1.640481808338588010e+01 1.642270740080289926e+01 1.641515433209321984e+01 1.641632690777245429e+01 1.643601417596181236e+01 1.639724712684363794e+01 1.642023323912714616e+01 1.644468053295653931e+01 1.643358228735172588e+01 1.642443681648662590e+01 1.640718634806134446e+01 1.640607585910769828e+01 1.643050890073965320e+01
1.641578806647788724e+01 1.643370322791707139e+01 1.643647637482126811e+01 1.642836248850002079e+01 1.642617993447337454e+01 1.641407326121233723e+01 1.643637175928662231e+01 1.642502235928314747e+01 1.640976733261259568e+01 1.642394551019991056e+01 1.641664755189918878e+01 1.640309471489200632e+01 1.643836793882480762e+01 1.642694050343102319e+01 1.643567434498138269e+01
1.643278581698758245e+01 1.642996097334912875e+01 1.640632093268435199e+01 1.641300020447502916e+01 1.641755664351596167e+01 1.640871657316701970e+01 1.641868074223651774e+01 1.643604213190514329e+01 1.641868017608417674e+01 1.641228022237067563e+01 1.644709413907889939e+01 1.643010579020920048e+01 1.643952211954901799e+01 1.642252247199956372e+01 1.643677590660291443e+01
1.641373895113031622e+01 1.641266475672245306e+01 1.641274073150773916e+01 1.644273744464084430e+01 1.640822376086438794e+01 1.641293803662312101e+01 1.641520085837958831e+01 1.643629312247836793e+01 1.643926047333282270e+01 1.641082656969637910e+01 1.642566555284597740e+01 1.641469404590632308e+01 1.642216892358523950e+01 1.644611045974982488e+01 1.641903008199277991e+01
1.641386310685689054e+01 1.643171392945291132e+01 1.641518882313875594e+01 1.641201489506666178e+01 1.642413758796520185e+01 1.642589467286375182e+01 1.640542155457232099e+01 1.642652072368926497e+01 1.642806535248251620e+01 1.642343548088458149e+01 1.644701992354271169e+01 1.642701855330358640e+01 1.642368881468498643e+01 1.643020238188932325e+01 1.643376345638611014e+01
1.643624409848723289e+01 1.645000391629264413e+01 1.640356237824594743e+01 1.642589590950405665e+01 1.643283165259067147e+01 1.642110370815746379e+01 1.643312263973071197e+01 1.644171322377437150e+01 1.642945637313966856e+01 1.642718033591172855e+01 1.641457397780334304e+01 1.640287372216602790e+01 1.645031412813784044e+01 1.641085101461091256e+01 1.642019480148118049e+01
1.643314549758312637e+01 1.643232708633084016e+01 1.640076921828329404e+01 1.642749949300964474e+01 1.643149718979079310e+01 1.642354288074090363e+01 1.640348791464067446e+01 1.643459207690267831e+01 1.641581768946760533e+01 1.641701353124999585e+01 1.641104278404168682e+01 1.642120391622372821e+01 1.641190897337008181e+01 1.641098646227017355e+01 1.642263528966295993e+01
1.643308818995002341e+01 1.641379275468500865e+01 1.641804270081846795e+01 1.641832544883541090e+01 1.641082968780724727e+01 1.640123021146536075e+01 1.641568479589734508e+01 1.642231936781986334e+01 1.643244348209262640e+01 1.642690255355489981e+01 1.642003013118461396e+01 1.640934678995392204e+01 1.641578508660492375e+01 1.640911090760599578e+01 1.641888617103984771e+01
1.644893368642480524e+01 1.640986587957524989e+01 1.643565055787028584e+01 1.640541562591740998e+01 1.641088174299285996e+01 1.643241911510414610e+01 1.639947032077505895e+01 1.645194021679946417e+01 1.640799081186722219e+01 1.639338950940701523e+01 1.642330219325090823e+01 1.643254849117960603e+01 1.641274602757170697e+01 1.643762858189544573e+01 1.641167184405173174e+01
1.645188303601396029e+01 1.645413562307408384e+01 1.642676709888422693e+01 1.643254941258093993e+01 1.643173794248391673e+01 1.641500024713688077e+01 1.641303074531111861e+01 1.642374389711487837e+01 1.642281169939877472e+01 1.641377552366244075e+01 1.642928012678681426e+01 1.639977145479130272e+01 1.643162644736370481e+01 1.641743533577238168e+01 1.642869722601301419e+01
1.640409819704283834e+01 1.640837577858441065e+01 1.644080811637953943e+01 1.640475821698605685e+01 1.641044163035451575e+01 1.641494308337840025e+01 1.644651336181582479e+01 1.642073044707455765e+01 1.643461810758483210e+01 1.643296070972759892e+01 1.643530951616423863e+01 1.641435514234337134e+01 1.642745474324668464e+01 1.642722313530217448e+01 1.641690397239463550e+01
1.646124492336508283e+01 1.643381270285455997e+01 1.641346927823326851e+01 1.642269854407846807e+01 1.643396621431580584e+01 1.640629620347725748e+01 1.641764265273315004e+01 1.643883069166847832e+01 1.641914992417212460e+01 1.642290492100324428e+01 1.644070928547319355e+01 1.642912143055959362e+01 1.642340456897183287e+01 1.642869377260550934e+01 1.643395064771331704e+01
1.645227026647965118e+01 1.642769476821375108e+01 1.643080751849746335e+01 1.642743414707139138e+01 1.644866905419367598e+01 1.642548395647803616e+01 1.642372987162325160e+01 1.642147667134051403e+01 1.640147585390026208e+01 1.641935809645340782e+01 1.641185064914967739e+01 1.642204875415755438e+01 1.642564813660717604e+01 1.642085018295489007e+01 1.641146044781434199e+01
1.643402879660044036e+01 1.642146576158588189e+01 1.642224612141448148e+01 1.643595982535753564e+01 1.642151684591225447e+01 1.640365699030992630e+01 1.644310784396654057e+01 1.641431570980159194e+01 1.643003348654930207e+01 1.646045270205471667e+01 1.641842338728418227e+01 1.643676272791705273e+01 1.641773980024710511e+01 1.642746113754395410e+01 1.640619821016797175e+01
1.642396352800556159e+01 1.643325753580444015e+01 1.642288334150752860e+01 1.642307063167885417e+01 1.642971066917929690e+01 1.641780780778309179e+01 1.639967551660323153e+01 1.641352973826097994e+01 1.643166277388322172e+01 1.643733781866552590e+01 1.642256612256592518e+01 1.643402067340050365e+01 1.642815745002393513e+01 1.641793485384088314e+01 1.641648110538864103e+01
1.643267021293859287e+01 1.643000031151850493e+01 1.643800663019629482e+01 1.643218285026801340e+01 1.641210657511878424e+01 1.643515842766180768e+01 1.641322753229221831e+01 1.641547441081017666e+01 1.643239014094945816e+01 1.644530152144666957e+01 1.642154166880146349e+01 1.641820370266360030e+01 1.643702723015714540e+01 1.639118047520529231e+01 1.643169746551829036e+01
1.642938430410708506e+01 1.643641814303197890e+01 1.642907137502588100e+01 1.641210653133265041e+01 1.642649445421540477e+01 1.644260277124430303e+01 1.640357198805949679e+01 1.643040308369570468e+01 1.643121227919622385e+01 1.642400190871124011e+01 1.642550352767339916e+01 1.642137422906855448e+01 1.644376699642907624e+01 1.642941125301432592e+01 1.642820293817792177e+01
1.640470907981670479e+01 1.643239778066786982e+01 1.643202436753655249e+01 1.642314694512751672e+01 1.641268639628508907e+01 1.642592610682578780e+01 1.645326043057417920e+01 1.642350593078535681e+01 1.643526801986854835e+01 1.642651986185913060e+01 1.640643459169850260e+01 1.642682575217583363e+01 1.644196338195196461e+01 1.642501267386564479e+01 1.642523950972891811e+01
1.641783909208161063e+01 1.644453637855262329e+01 1.639022738622936615e+01 1.642988584880223257e+01 1.643235449019922711e+01 1.643591198702605638e+01 1.643485820110499773e+01 1.641602774157706079e+01 1.642478870179954598e+01 1.640908837841203294e+01 1.644740331318116944e+01 1.644597183616945557e+01 1.644247130675753610e+01 1.641581622773488647e+01 1.641621484014236287e+01
1.642077629188757371e+01 1.642297343170204371e+01 1.644536466303440747e+01 1.642784395442392054e+01 1.640808534158248833e+01 1.642246820810627739e+01 1.641889897607946480e+01 1.641254915682242199e+01 1.644420086483578558e+01 1.642552403963669505e+01 1.641889849854177541e+01 1.640129486945654946e+01 1.641354354886822620e+01 1.642349627901814557e+01 1.641223308584654106e+01
1.644058828095645097e+01 1.641232269633313834e+01 1.643272515403576506e+01 1.641692971048551541e+01 1.643438315623697576e+01 1.646856329087030346e+01 1.642711288141915205e+01 1.643437754681400165e+01 1.643249169502163198e+01 1.642937916572313739e+01 1.641302351894379896e+01 1.642144582131531294e+01 1.643705432517415588e+01 1.640770092217883303e+01 1.642146407351643944e+01
1.644361147826479552e+01 1.639848462679264429e+01 1.642827127726491554e+01 1.639920689483175664e+01 1.642265653495242717e+01 1.641880447509754148e+01 1.644811966889581001e+01 1.643163959835313648e+01 1.641800716367996671e+01 1.642023163369097816e+01 1.642300092937102463e+01 1.643807929437474158e+01 1.643089834160083740e+01 1.642664883475639215e+01 1.642370157626347549e+01
1.641225034053651655e+01 1.646134824659317530e+01 1.641342991488707881e+01 1.643034928155410412e+01 1.641853518289092406e+01 1.639509104501526693e+01 1.643195376498638893e+01 1.641910704222333806e+01 1.643612885226392706e+01 1.642214720330326472e+01 1.643443550737493197e+01 1.642065683366025652e+01 1.642657215735269105e+01 1.644177324774653925e+01 1.640009567905043397e+01
1.641716912225215097e+01 1.644144789172905163e+01 1.642001693561242348e+01 1.645159886863119425e+01 1.643437580679222876e+01 1.641486076685838569e+01 1.642259098496839798e+01 1.642466616226667853e+01 1.641614813984357113e+01 1.642814876236451482e+01 1.641292278014416084e+01 1.642135124264369495e+01 1.640808438922272927e+01 1.641349493992607478e+01 1.642637484997306530e+01
1.641814516079480768e+01 1.642126875425472221e+01 1.643163952652023951e+01 1.642035719450363374e+01 1.641710663514073332e+01 1.642269248809130033e+01 1.642128728231021739e+01 1.642899172488578330e+01 1.642384670588258544e+01 1.641500615088842707e+01 1.643373861660825241e+01 1.641561654872165832e+01 1.642313602523667271e+01 1.641927430912349450e+01 1.643111893920932332e+01
1.642189197049117766e+01 1.645283766208546439e+01 1.642473517787435711e+01 1.640958089029494005e+01 1.643887403444013628e+01 1.643284396364493105e+01 1.643485868193252131e+01 1.640228749480731452e+01 1.645790541475206226e+01 1.641514363129700627e+01 1.641413971582542786e+01 1.640955350475487506e+01 1.642191943811211630e+01 1.639065094821774338e+01 1.640836797532291413e+01
1.642083677581000600e+01 1.640429584139938157e+01 1.643901107003072681e+01 1.646352142184340295e+01 1.641681940264376749e+01 1.641763849817509069e+01 1.643889236659214603e+01 1.642357653019038821e+01 1.640706122966928859e+01 1.642863456048700144e+01 1.642606477550230437e+01 1.642646032737307493e+01 1.641335835394195897e+01 1.645320139718812413e+01 1.638028646234401364e+01
1.643199366596946476e+01 1.643183584500378913e+01 1.640449206318742625e+01 1.642675375757073297e+01 1.641530847752456523e+01 1.643196375535927700e+01 1.642054119983693994e+01 1.641881343033142571e+01 1.643199771222221628e+01 1.640391757099835957e+01 1.642854490927780020e+01 1.642391095143406687e+01 1.642529026437804873e+01 1.641199760858033230e+01 1.642368280544648229e+01
1.641660408515983605e+01 1.643076335986743786e+01 1.641864292483341714e+01 1.643689184461601727e+01 1.644874446943549628e+01 1.643716679708211004e+01 1.644324894516267932e+01 1.641976267241794218e+01 1.641085759313113712e+01 1.641789242073361166e+01 1.639672189931891566e+01 1.642172372572941086e+01 1.638801893390900588e+01 1.640962282045003562e+01 1.642527925554420420e+01
1.643078237617523030e+01 1.640019747295789898e+01 1.641857014157013239e+01 1.641583602148841337e+01 1.641144435180973460e+01 1.642737189302714640e+01 1.642493654320246321e+01 1.643117599971753862e+01 1.642864830533615006e+01 1.641100038763773128e+01 1.643217728271434197e+01 1.641738774216043950e+01 1.641749668589539368e+01 1.645880498004534687e+01 1.640892556008425984e+01
1.645799094532682361e+01 1.645025852244307529e+01 1.643868379966965065e+01 1.639842526627596087e+01 1.642125293273928577e+01 1.643145066369542917e+01 1.642367805964623173e+01 1.642245492665915307e+01 1.642409686214433862e+01 1.641954352031000397e+01 1.642192454196515072e+01 1.643500127403672195e+01 1.646372208912937651e+01 1.642566194150619197e+01 1.642657658541498833e+01
1.642517078582566015e+01 1.642013661511414213e+01 1.639626429615572789e+01 1.643940159405767432e+01 1.642229166655779693e+01 1.643375854713234574e+01 1.641524505069395445e+01 1.640986659131916170e+01 1.641537266129907380e+01 1.642682917108368912e+01 1.644879684061125147e+01 1.644170962060738006e+01 1.643986319384757167e+01 1.642008462081413711e+01 1.642697090375521185e+01
1.641648508560993136e+01 1.642062377389199312e+01 1.641428559527974684e+01 1.645897688376116008e+01 1.643974998599911785e+01 1.640073304364561224e+01 1.644339990135146579e+01 1.640747344498522509e+01 1.643024161313043763e+01 1.643310755913682542e+01 1.643093481392360999e+01 1.645011295935121254e+01 1.641635692388541301e+01 1.642076619037747420e+01 1.642591404745255801e+01
1.643476629258508837e+01 1.640419227183529216e+01 1.640335572866186453e+01 1.639874067219678011e+01 1.642092461312570251e+01 1.641624442346525825e+01 1.643911879260098985e+01 1.641223654235157525e+01 1.641945323298720538e+01 1.643856873552803322e+01 1.642708692362407774e+01 1.643017695688639890e+01 1.639448392028598178e+01 1.641698603529939859e+01 1.642351695023506508e+01
1.644850806679316335e+01 1.643786500655022920e+01 1.642642824696819659e+01 1.640800770997493885e+01 1.642473965437670458e+01 1.643309848566213560e+01 1.644346029847955393e+01 1.643813382976757964e+01 1.642486938262911877e+01 1.643684725313029205e+01 1.644023901458813697e+01 1.643936984027617143e+01 1.643147143967176049e+01 1.643031677354239406e+01 1.643410296435217433e+01
1.642418522369195699e+01 1.642875358480056391e+01 1.641846860672556474e+01 1.642914404751692459e+01 1.641491837332358728e+01 1.641025407702439409e+01 1.641356626240007088e+01 1.642828756772681587e+01 1.639833861653878344e+01 1.644105906701629394e+01 1.644157175361390699e+01 1.641754740371308685e+01 1.641804440360605000e+01 1.642133503713666798e+01 1.641429983100968570e+01
1.641241161390936298e+01 1.639357781615124310e+01 1.640411351652539906e+01 1.641477176838143848e+01 1.643083576148930902e+01 1.641809037146576600e+01 1.642837280339427153e+01 1.642771395102254672e+01 1.642483221357580092e+01 1.642905124059975464e+01 1.644400836332932059e+01 1.640251745860529908e+01 1.643566890367105771e+01 1.643456941045001685e+01 1.643070274447491030e+01
1.642873425715724522e+01 1.642179644737556998e+01 1.641836367406902752e+01 1.642280495730664569e+01 1.642211566752167684e+01 1.643402870852241904e+01 1.643582547583085329e+01 1.642496728077315993e+01 1.643093053263059033e+01 1.641389565712025345e+01 1.642688959902187307e+01 1.643309412877646736e+01 1.641818299472114262e+01 1.640999229100733459e+01 1.642375595862912974e+01
1.643133532770698224e+01 1.644015589767927921e+01 1.644346490909226333e+01 1.641920397418535416e+01 1.642800450378775778e+01 1.640917683344402178e+01 1.643225338200516461e+01 1.642378736939351214e+01 1.641059839534986509e+01 1.641461731984675509e+01 1.642109754442195069e+01 1.641995438488812908e+01 1.644054063075363814e+01 1.644820037023224657e+01 1.641492804916440207e+01
1.641143806139012895e+01 1.642974679535631921e+01 1.641733528551057830e+01 1.641606087226723787e+01 1.642782181089969029e+01 1.642888966412161977e+01 1.643160611461404130e+01 1.640779252778748187e+01 1.642913747943070746e+01 1.644252442956880245e+01 1.642290095007311734e+01 1.638483466668118638e+01 1.640544108595853956e+01 1.643525059436510105e+01 1.642865017206784017e+01
1.642978957814159813e+01 1.644363573354876706e+01 1.640255066651955218e+01 1.641562056987099893e+01 1.643113927252438700e+01 1.643232566309042753e+01 1.642862578654361982e+01 1.642032878841537880e+01 1.641703887574536580e+01 1.643811577507749888e+01 1.642243553809466761e+01 1.644108545007717836e+01 1.641747764578088820e+01 1.641221776119441600e+01 1.643570152758940495e+01
1.643306047558069594e+01 1.641916425555493930e+01 1.642421538573257322e+01 1.640449721339075140e+01 1.644192290184602001e+01 1.642031349322400047e+01 1.643123113513229683e+01 1.641737161642463150e+01 1.642350536778096171e+01 1.641515759154385279e+01 1.643373685698378850e+01 1.641510320712788484e+01 1.642051541663829539e+01 1.642880899394655003e+01 1.641455087211165775e+01
1.641757623700005553e+01 1.641436928700979436e+01 1.642554531047341015e+01 1.641893969354082827e+01 1.641573423292675926e+01 1.642712622189811356e+01 1.642456597155744191e+01 1.644454913480180025e+01 1.642491072405416119e+01 1.644446461867379483e+01 1.641636948653841444e+01 1.643879200992290279e+01 1.643412386000284542e+01 1.641985174308883089e+01 1.641772056932671475e+01
1.643704150968100208e+01 1.642496363401860293e+01 1.641582708719064954e+01 1.640413414987714447e+01 1.642402868654995984e+01 1.642255096107896151e+01 1.642979952508196462e+01 1.641626421515975309e+01 1.642033399277461569e+01 1.641805571422477072e+01 1.643121532875132118e+01 1.643849237208616643e+01 1.642408823076499402e+01 1.640422641507646162e+01 1.642859562055265954e+01
1.645206978949623533e+01 1.642647160852279598e+01 1.642348374655747278e+01 1.644658844166728073e+01 1.641870399600632879e+01 1.640207308891240601e+01 1.643326422289883482e+01 1.643405949685843126e+01 1.641832384199435779e+01 1.642564505851109402e+01 1.638925754625342179e+01 1.644431426775943095e+01 1.641637437381000808e+01 1.642178272203887346e+01 1.643206812618743129e+01
1.642725864804484814e+01 1.642428575551440062e+01 1.645271531871592785e+01 1.641306362270003305e+01 1.642392421473294561e+01 1.641590691831612503e+01 1.641913133882883002e+01 1.640384772117980816e+01 1.642361246466049707e+01 1.643998948753549527e+01 1.643194581471991711e+01 1.641755828626430258e+01 1.644409201985394375e+01 1.641486861773138983e+01 1.641502083025207170e+01
1.642879217506069267e+01 1.640016082041547563e+01 1.641983638189518757e+01 1.642371988555856888e+01 1.643697474715789397e+01 1.641659907157305298e+01 1.640717270280787332e+01 1.644494313147735198e+01 1.640815957958413307e+01 1.641845678586387081e+01 1.643193467161970389e+01 1.640644325582653451e+01 1.642813466025581448e+01 1.642109879672293360e+01 1.642199180048281804e+01
1.642909870132121242e+01 1.641412937235711311e+01 1.639770415291537375e+01 1.643991775716296644e+01 1.644100590135764861e+01 1.641301197469363871e+01 1.641959765439111507e+01 1.642391431640133348e+01 1.643471601330750786e+01 1.643386170215918796e+01 1.642477392853368912e+01 1.642729296216901602e+01 1.643639653862434358e+01 1.644136034654845702e+01 1.642771379893680717e+01
1.641540473817199697e+01 1.642102025554472888e+01 1.641601140523179225e+01 1.641700852211758388e+01 1.641380915745013880e+01 1.641471992936099866e+01 1.643052140660699578e+01 1.640721570994897149e+01 1.643846744987087405e+01 1.640895029481818312e+01 1.643108780327742124e+01 1.643733495298508274e+01 1.641582275193578155e+01 1.643449883157491698e+01 1.643347875069695974e+01
1.642399245350170389e+01 1.641291153639158296e+01 1.641562935198713902e+01 1.642615973891313530e+01 1.642922471913187010e+01 1.644413251189851977e+01 1.644444772147456391e+01 1.642806993273736182e+01 1.642460553591668670e+01 1.643062436781004720e+01 1.641739389002655614e+01 1.642493699337817858e+01 1.642379890118658992e+01 1.641501911090390209e+01 1.642469277644782721e+01
1.639099624829926327e+01 1.642711607434588927e+01 1.644890990454274160e+01 1.642495793288348693e+01 1.643056301747192549e+01 1.642081445000986051e+01 1.642995247939059311e+01 1.641733674952519806e+01 1.643586530145714164e+01 1.642108609606593816e+01 1.642481074310035183e+01 1.640687211863414419e+01 1.640060706299398419e+01 1.641035354897910281e+01 1.642375169330620466e+01
1.641048555253722441e+01 1.642809735041782560e+01 1.642048497373514948e+01 1.642005589526619147e+01 1.642349414466988478e+01 1.641824425318571201e+01 1.643289062240672394e+01 1.641568687846945451e+01 1.643330553949840933e+01 1.642041716434210841e+01 1.643994734668507718e+01 1.640866440988746078e+01 1.642062284753437496e+01 1.639810615324924470e+01 1.643051453566150855e+01
1.643698003722946410e+01 1.641877796943937895e+01 1.640436157364123204e+01 1.640357101997329892e+01 1.643159239721596165e+01 1.643231341525680378e+01 1.642367058328148843e+01 1.642325494066860259e+01 1.642432989066451299e+01 1.640207579453176123e+01 1.641744012808090147e+01 1.643482671739608136e+01 1.641314874371885679e+01 1.643060990176260816e+01 1.643523488126305310e+01
1.641468221838188413e+01 1.641672536404337635e+01 1.643304877574295730e+01 1.643163642131236912e+01 1.642316984285364256e+01 1.640765561731534916e+01 1.642787942830290859e+01 1.644283713640965772e+01 1.641749618488511686e+01 1.641573426910449740e+01 1.642203517959550751e+01 1.645029025291188773e+01 1.643248523764143343e+01 1.641984361440108486e+01 1.642249553756020930e+01
1.641414548121736061e+01 1.641274708910755109e+01 1.641644960590518565e+01 1.640624335895141073e+01 1.645354070872046037e+01 1.641931626133037980e+01 1.640471105170330901e+01 1.644543292011444535e+01 1.641863783829420242e+01 1.642987589552584637e+01 1.641793966167848851e+01 1.641723880424958182e+01 1.641973683485079860e+01 1.641640383568172368e+01 1.642801058250303115e+01
1.643608447348877277e+01 1.642075151831223323e+01 1.642212904011261898e+01 1.644192074943441995e+01 1.640440710980942285e+01 1.639965757058369178e+01 1.642047027690712824e+01 1.642380669950582472e+01 1.641407038177407429e+01 1.642339791323567511e+01 1.642013225283382383e+01 1.643459157656299752e+01 1.640822733178252335e+01 1.640308493103113108e+01 1.641703292481285814e+01
1.643561654429298358e+01 1.645215833072789025e+01 1.641476356882164822e+01 1.642608469547233696e+01 1.643224346698772464e+01 1.642814200756907184e+01 1.642428333924361183e+01 1.641382756299524814e+01 1.641468876184986669e+01 1.642679777913505390e+01 1.644362538971637022e+01 1.642591751212742324e+01 1.642218972582708147e+01 1.643064970089320198e+01 1.643501434041592901e+01
1.643671484488823609e+01 1.641311235989450168e+01 1.641751647287915716e+01 1.642302997414289578e+01 1.642817576358146781e+01 1.643188431261302895e+01 1.642386005612129196e+01 1.641282070501101487e+01 1.641741350102892838e+01 1.643029441997349238e+01 1.641816081797280802e+01 1.642425716009116954e+01 1.641467320787267425e+01 1.640152807272467683e+01 1.640791830075456659e+01
1.640580839329542684e+01 1.641752955665320712e+01 1.642172221629338580e+01 1.642852804322211924e+01 1.644787631974903874e+01 1.643412732654653396e+01 1.641742497438374571e+01 1.643347048089303541e+01 1.642486502281839478e+01 1.643754897829461115e+01 1.643013453326414819e+01 1.641908463404144314e+01 1.643416409303397074e+01 1.641158550133291527e+01 1.640836210352041036e+01
1.644416216062483116e+01 1.644837077819705229e+01 1.643615633076244364e+01 1.642831126455239854e+01 1.642442064899891818e+01 1.640496368400303950e+01 1.642293636101009113e+01 1.642838278010730235e+01 1.640755757566946826e+01 1.641558960691790503e+01 1.643709413078191872e+01 1.642556868707517381e+01 1.644738222325832311e+01 1.643169541064770556e+01 1.642682921181904376e+01
1.641882937323411085e+01 1.640315616596300075e+01 1.642564521842400538e+01 1.642438280344525836e+01 1.643109136374992119e+01 1.640296873515733012e+01 1.643359324685244260e+01 1.645698792843274916e+01 1.644118891742264665e+01 1.644564916014934042e+01 1.639032739333883271e+01 1.644266717808091016e+01 1.643270699009760349e+01 1.643612715279345693e+01 1.641213977000760238e+01
1.643548210739214355e+01 1.642182911907638498e+01 1.643023711983095936e+01 1.644702752674727364e+01 1.640995878516473638e+01 1.643995642488175690e+01 1.643261993600953019e+01 1.641613916448930510e+01 1.642536794973047876e+01 1.641601052794983673e+01 1.639712991254220853e+01 1.642478143907825228e+01 1.640984934435855891e+01 1.642087309022027242e+01 1.639053729999294973e+01
1.640937965721541048e+01 1.640795282345648687e+01 1.644146357044050077e+01 1.640858549527313670e+01 1.643158106885044134e+01 1.641908916912648664e+01 1.641701098575252260e+01 1.642963273658465795e+01 1.641325355839249056e+01 1.641833727875881976e+01 1.642780447584985026e+01 1.642579722021086397e+01 1.643416302085541858e+01 1.642293939679584369e+01 1.641530020230934284e+01
1.643166476402165443e+01 1.643655702938017882e+01 1.642769546741806863e+01 1.639682373177369357e+01 1.642251652413463958e+01 1.641520955805904691e+01 1.640570764775852908e+01 1.642483570436947460e+01 1.640959699363232716e+01 1.642063503773541910e+01 1.643566132645289457e+01 1.644082315574643260e+01 1.641773631676347733e+01 1.642477441466553856e+01 1.641656925939543754e+01
1.643283591629963070e+01 1.643064161252931044e+01 1.642238696377717488e+01 1.641651984822171784e+01 1.641268822538305372e+01 1.642336718067349821e+01 1.643626904996979832e+01 1.642536246570084657e+01 1.642793335046980374e+01 1.642967812135612959e+01 1.639831781867336247e+01 1.643394129023379335e+01 1.645643448395574993e+01 1.642753514848160279e+01 1.643052225705693914e+01
1.642838814257342506e+01 1.642367882344813168e+01 1.643152382799849320e+01 1.643787699406563974e+01 1.638553910006697123e+01 1.639305344084047178e+01 1.640886128719666459e+01 1.641821008410423133e+01 1.642194085866416131e+01 1.642365730872835883e+01 1.643015964074687574e+01 1.641979748040082399e+01 1.639488044403278266e+01 1.642739463306434189e+01 1.643053768206675613e+01
1.641555739515041168e+01 1.642073251077004414e+01 1.642418010278802853e+01 1.643332914822946478e+01 1.643615119776181999e+01 1.641981355531498110e+01 1.644606349358328146e+01 1.640600620471384019e+01 1.641972538099299328e+01 1.642485856201249206e+01 1.642666721798126517e+01 1.643201982621945234e+01 1.640672163765631808e+01 1.640895655690651367e+01 1.640220703606909325e+01
1.641832512432405267e+01 1.642764781079013758e+01 1.643362870732633851e+01 1.641395007208660317e+01 1.640571555317696806e+01 1.642262489196304287e+01 1.643634097007817019e+01 1.642157555865605190e+01 1.641182190769916005e+01 1.644279943918601461e+01 1.643887212398002617e+01 1.641755448702677000e+01 1.644317347141476660e+01 1.641052416272349035e+01 1.642131988599843240e+01
1.642696377651656192e+01 1.643395624671945399e+01 1.641946687480473699e+01 1.640985860338604141e+01 1.641817455156355976e+01 1.642702974277688810e+01 1.642541265284515717e+01 1.644495637856919501e+01 1.643637319420822607e+01 1.641497952890950529e+01 1.643159974814063418e+01 1.642436803404286394e+01 1.641575134550855708e+01 1.641366195620300061e+01 1.642099652277349264e+01
1.639941589560130808e+01 1.644435810592822023e+01 1.644537213545812193e+01 1.640512657339898439e+01 1.641372535339013439e+01 1.643860002474902160e+01 1.641345318994616065e+01 1.641510492103354224e+01 1.641361530264973467e+01 1.644146155806446075e+01 1.642647173058515975e+01 1.645152574898242293e+01 1.642430690259294224e+01 1.643920520976217503e+01 1.645129007064011972e+01
1.641699026533588679e+01 1.643476768913659214e+01 1.642081946458385033e+01 1.640706328900901667e+01 1.643170161494159132e+01 1.641122504004971461e+01 1.642552010722265265e+01 1.641111910862528944e+01 1.643042767256310910e+01 1.642141843608348850e+01 1.643623014701863738e+01 1.643663797249318748e+01 1.643617066945311933e+01 1.641836812793028599e+01 1.642316282062824939e+01
1.639960071095836014e+01 1.642219064240421744e+01 1.641861040727590293e+01 1.642267075424350864e+01 1.640908497796617027e+01 1.642180135448928269e+01 1.642081670184225217e+01 1.643419982921416889e+01 1.642812153102579487e+01 1.641422333041924020e+01 1.644611999536629554e+01 1.641941328516634258e+01 1.644239731576385566e+01 1.641754805498948500e+01 1.641498462287194826e+01
1.643511137658212462e+01 1.642342221867336960e+01 1.644394263241061083e+01 1.641504695886020215e+01 1.644001361412249906e+01 1.642454674651304813e+01 1.641015010209997271e+01 1.642510136150991684e+01 1.643187412372207490e+01 1.642268635168311874e+01 1.642723131720492091e+01 1.640479824164819433e+01 1.641897568496034054e+01 1.640339544460440635e+01 1.644277902180300543e+01
1.642542334121357328e+01 1.644369697745518621e+01 1.641972438023936220e+01 1.643689317252757931e+01 1.642066290235887749e+01 1.642357667387545206e+01 1.642736152002386874e+01 1.645069733827796910e+01 1.641657543971330213e+01 1.640548637936723964e+01 1.645099283836130510e+01 1.642965688932756052e+01 1.641062846494723360e+01 1.641836026434911844e+01 1.640627121028437330e+01
1.642785792104865905e+01 1.643530274333121355e+01 1.642277981262115460e+01 1.642740335120052819e+01 1.643967194551988698e+01 1.642322222751142391e+01 1.644086297090213478e+01 1.641374853598149031e+01 1.642662774694101557e+01 1.641659462232972899e+01 1.643207052184974870e+01 1.642898705372342505e+01 1.642138667189684043e+01 1.645913442289980821e+01 1.642174912976820877e+01
